position	wave function
6.503035521052487e0	-1.6360174687178587e-56
6.506504687969615e0	-3.2842954361985218e-56
6.509973854886743e0	-4.965297931392818e-56
6.513443021803871e0	-6.695405924301133e-56
6.516912188720999e0	-8.491229519963735e-56
6.520381355638127e0	-1.036976154759785e-55
6.523850522555255e0	-1.2348530025908346e-55
6.5273196894723835e0	-1.4445750916135998e-55
6.530788856389512e0	-1.66804825116376e-55
6.53425802330664e0	-1.9072782764332955e-55
6.537727190223768e0	-2.1643870812943223e-55
6.541196357140896e0	-2.4416293954486782e-55
6.544665524058024e0	-2.7414101288071585e-55
6.548134690975152e0	-3.0663025257828042e-55
6.55160385789228e0	-3.419067232921579e-55
6.555073024809408e0	-3.802672404932759e-55
6.558542191726536e0	-4.2203149766772444e-55
6.562011358643664e0	-4.675443231985291e-55
6.565480525560792e0	-5.171780804278627e-55
6.56894969247792e0	-5.713352248840991e-55
6.572418859395048e0	-6.304510332200231e-55
6.575888026312176e0	-6.949965190445063e-55
6.5793571932293045e0	-7.654815515390506e-55
6.5828263601464325e0	-8.424581935334647e-55
6.586295527063561e0	-9.265242765707874e-55
6.589764693980689e0	-1.0183272314223633e-54
6.593233860897817e0	-1.1185681935196467e-54
6.596703027814945e0	-1.2280064038520489e-54
6.600172194732073e0	-1.3474639270414363e-54
6.603641361649201e0	-1.4778307095452375e-54
6.607110528566329e0	-1.620070002264636e-54
6.610579695483457e0	-1.775224173243516e-54
6.614048862400585e0	-1.9444209376420177e-54
6.617518029317713e0	-2.128880033756362e-54
6.620987196234841e0	-2.3299203755394805e-54
6.624456363151969e0	-2.5489677138567793e-54
6.627925530069097e0	-2.7875628405934387e-54
6.631394696986225e0	-3.047370371714899e-54
6.6348638639033535e0	-3.330188147478166e-54
6.6383330308204815e0	-3.637957290199046e-54
6.64180219773761e0	-3.972772962307246e-54
6.645271364654738e0	-4.33689586986844e-54
6.648740531571866e0	-4.732764559326427e-54
6.652209698488994e0	-5.1630085579264046e-54
6.655678865406122e0	-5.630462411120783e-54
6.65914803232325e0	-6.138180673246173e-54
6.662617199240378e0	-6.689453910890293e-54
6.666086366157506e0	-7.287825781652684e-54
6.669555533074634e0	-7.937111254446818e-54
6.673024699991762e0	-8.641416041098041e-54
6.67649386690889e0	-9.405157312767931e-54
6.679963033826018e0	-1.0233085778694677e-53
6.683432200743146e0	-1.1130309208867822e-53
6.686901367660274e0	-1.2102317486588088e-53
6.6903705345774025e0	-1.315500928137957e-53
6.693839701494531e0	-1.4294720437447711e-53
6.697308868411659e0	-1.5528254177805166e-53
6.700778035328787e0	-1.686291322933857e-53
6.704247202245915e0	-1.8306533979457336e-53
6.707716369163043e0	-1.986752278056501e-53
6.711185536080171e0	-2.155489452443187e-53
6.714654702997299e0	-2.3378313614631396e-53
6.718123869914427e0	-2.5348137471527576e-53
6.721593036831555e0	-2.747546271090182e-53
6.725062203748683e0	-2.9772174144153543e-53
6.728531370665811e0	-3.22509967551512e-53
6.732000537582939e0	-3.49255508162182e-53
6.735469704500067e0	-3.7810410313432437e-53
6.738938871417195e0	-4.0921164859429413e-53
6.7424080383343235e0	-4.4274485280188e-53
6.7458772052514515e0	-4.788819307089617e-53
6.74934637216858e0	-5.178133392491972e-53
6.752815539085708e0	-5.597425554916563e-53
6.756284706002836e0	-6.048868998870607e-53
6.759753872919964e0	-6.534784069347282e-53
6.763223039837092e0	-7.057647457010664e-53
6.76669220675422e0	-7.620101927268944e-53
6.770161373671348e0	-8.224966599705905e-53
6.773630540588476e0	-8.875247805480115e-53
6.777099707505604e0	-9.574150551473276e-53
6.780568874422732e0	-1.032509062118262e-52
6.78403804133986e0	-1.1131707343602123e-52
6.787507208256988e0	-1.1997877062628026e-52
6.790976375174116e0	-1.2927727340855066e-52
6.794445542091244e0	-1.392565193299847e-52
6.7979147090083725e0	-1.499632656559182e-52
6.8013838759255005e0	-1.6144725561059774e-52
6.804853042842629e0	-1.737613934576251e-52
6.808322209759757e0	-1.8696192883145506e-52
6.811791376676885e0	-2.011086507470545e-52
6.815260543594013e0	-2.162650917310851e-52
6.818729710511141e0	-2.324987425346173e-52
6.822198877428269e0	-2.4988127790446678e-52
6.825668044345397e0	-2.6848879390776404e-52
6.829137211262525e0	-2.8840205732232138e-52
6.832606378179653e0	-3.097067676237903e-52
6.836075545096781e0	-3.3249383211937387e-52
6.839544712013909e0	-3.568596547971292e-52
6.843013878931037e0	-3.829064394796277e-52
6.846483045848165e0	-4.107425078908174e-52
6.849952212765293e0	-4.404826332654621e-52
6.8534213796824215e0	-4.722483901515171e-52
6.8568905465995496e0	-5.0616852107721964e-52
6.860359713516678e0	-5.423793207763099e-52
6.863828880433806e0	-5.81025038687198e-52
6.867298047350934e0	-6.2225830046425185e-52
6.870767214268062e0	-6.662405492625026e-52
6.87423638118519e0	-7.131425075803293e-52
6.877705548102318e0	-7.631446604683192e-52
6.881174715019446e0	-8.164377609367255e-52
6.884643881936574e0	-8.732233584180597e-52
6.888113048853702e0	-9.337143511664089e-52
6.89158221577083e0	-9.981355634995874e-52
6.895051382687958e0	-1.0667243488160423e-51
6.898520549605086e0	-1.1397312193435786e-51
6.901989716522214e0	-1.2174205036030342e-51
6.905458883439342e0	-1.3000710325958514e-51
6.9089280503564705e0	-1.3879768557509022e-51
6.912397217273599e0	-1.4814479876922728e-51
6.915866384190727e0	-1.5808111869161348e-51
6.919335551107855e0	-1.686410767491764e-51
6.922804718024983e0	-1.7986094449283454e-51
6.926273884942111e0	-1.9177892173759725e-51
6.929743051859239e0	-2.0443522833564632e-51
6.933212218776367e0	-2.1787219972461364e-51
6.936247739828854e0	-2.303049049923279e-51
6.939716906745982e0	-2.453275203428505e-51
6.94318607366311e0	-2.6126521670846757e-51
6.946655240580238e0	-2.7816950375381574e-51
6.950124407497366e0	-2.960945307728756e-51
6.953593574414494e0	-3.1509720702648176e-51
6.957062741331622e0	-3.352373267672902e-51
6.9605319082487505e0	-3.5657769909514655e-51
6.9640010751658785e0	-3.7918428278831816e-51
6.967470242083007e0	-4.031263262584265e-51
6.970939409000135e0	-4.284765127794545e-51
6.974408575917263e0	-4.5531111114351277e-51
6.977877742834391e0	-4.8371013189833395e-51
6.981346909751519e0	-5.1375748932371805e-51
6.984816076668647e0	-5.455411693062798e-51
6.988285243585775e0	-5.791534032741028e-51
6.991754410502903e0	-6.146908483546711e-51
6.995223577420031e0	-6.522547739215381e-51
6.998692744337159e0	-6.91951254696943e-51
7.002161911254287e0	-7.338913705793192e-51
7.005631078171415e0	-7.781914133662282e-51
7.009100245088543e0	-8.249731005447623e-51
7.012569412005671e0	-8.74363796322819e-51
7.0160385789227995e0	-9.264967400758698e-51
7.0195077458399275e0	-9.815112823849283e-51
7.022976912757056e0	-1.0395531288423861e-50
7.026446079674184e0	-1.1007745918031563e-50
7.029915246591312e0	-1.1653348502592001e-50
7.03338441350844e0	-1.2334002180159885e-50
7.036853580425568e0	-1.3051444203495418e-50
7.040322747342696e0	-1.3807488793232389e-50
7.043791914259824e0	-1.46040300794283e-50
7.047261081176952e0	-1.5443045133284e-50
7.05073024809408e0	-1.632659709080912e-50
7.054199415011208e0	-1.7256838370207063e-50
7.057668581928336e0	-1.8236013984742154e-50
7.061137748845464e0	-1.9266464952835604e-50
7.064606915762592e0	-2.0350631807129486e-50
7.06807608267972e0	-2.149105820423339e-50
7.0715452495968485e0	-2.269039463685284e-50
7.075014416513977e0	-2.3951402249975e-50
7.078483583431105e0	-2.5276956762760886e-50
7.081952750348233e0	-2.667005249776882e-50
7.085421917265361e0	-2.81338065190925e-50
7.088891084182489e0	-2.9671462880977323e-50
7.092360251099617e0	-3.1286396988427423e-50
7.095829418016745e0	-3.2982120071283205e-50
7.099298584933873e0	-3.476228377320218e-50
7.104502335309569e0	-3.7599201770778218e-50
7.111440669143832e0	-4.1714008763918204e-50
7.118379002978095e0	-4.623994180713923e-50
7.125317336812358e0	-5.121379396811679e-50
7.132255670646622e0	-5.667521730522473e-50
7.139194004480885e0	-6.2666904597085715e-50
7.146132338315148e0	-6.923477915602911e-50
7.153070672149411e0	-7.642819280364548e-50
7.1600090059836745e0	-8.430013206191319e-50
7.166947339817938e0	-9.290743258644342e-50
7.173885673652201e0	-1.0231100183919416e-49
7.180824007486464e0	-1.1257604996649252e-49
7.187762341320727e0	-1.2377232881440845e-49
7.194700675154991e0	-1.3597437897733599e-49
7.201639008989254e0	-1.4926178473718621e-49
7.208577342823517e0	-1.6371943670972356e-49
7.21551567665778e0	-1.7943780197146823e-49
7.222454010492044e0	-1.9651320139515388e-49
7.229392344326307e0	-2.1504809387412255e-49
7.23633067816057e0	-2.3515136706615056e-49
7.243269011994833e0	-2.5693863423537165e-49
7.2502073458290965e0	-2.805325367169971e-49
7.25714567966336e0	-3.0606305147379634e-49
7.264084013497623e0	-3.3366780315563478e-49
7.271022347331886e0	-3.634923800142272e-49
7.2779606811661495e0	-3.956906529645621e-49
7.284899015000413e0	-4.304250970224718e-49
7.291837348834676e0	-4.678671142846841e-49
7.298775682668939e0	-5.0819735755374244e-49
7.305714016503202e0	-5.516060536453545e-49
7.312652350337466e0	-5.982933253507407e-49
7.319590684171729e0	-6.484695109610683e-49
7.326529018005992e0	-7.023554801957664e-49
7.333467351840255e0	-7.601829453117591e-49
7.340405685674519e0	-8.221947661060323e-49
7.347344019508782e0	-8.886452474610838e-49
7.354282353343045e0	-9.598004280204847e-49
7.361220687177308e0	-1.0359383585213232e-48
7.3681590210115715e0	-1.117349368252078e-48
7.375097354845835e0	-1.2043363180482843e-48
7.382035688680098e0	-1.2972148381847532e-48
7.388974022514361e0	-1.3963135494730293e-48
7.395912356348624e0	-1.501974265825574e-48
7.402850690182888e0	-1.6145521765049324e-48
7.409789024017151e0	-1.7344160062374626e-48
7.416727357851414e0	-1.861948151336513e-48
7.423665691685677e0	-1.9975447899508108e-48
7.430604025519941e0	-2.1416159645288825e-48
7.437542359354204e0	-2.2945856345728216e-48
7.444480693188467e0	-2.456891697741459e-48
7.45141902702273e0	-2.6289859773569562e-48
7.4583573608569935e0	-2.81133417437015e-48
7.465295694691257e0	-3.0044157818463845e-48
7.47223402852552e0	-3.2087239600499304e-48
7.479172362359783e0	-3.4247653702266725e-48
7.4861106961940465e0	-3.6530599652154315e-48
7.49304903002831e0	-3.894140735057272e-48
7.499987363862573e0	-4.1485534058188844e-48
7.506925697696836e0	-4.416856089901971e-48
7.513864031531099e0	-4.699618886174186e-48
7.520802365365363e0	-4.9974234283312315e-48
7.527740699199626e0	-5.310862379980793e-48
7.534679033033889e0	-5.640538875031606e-48
7.541617366868152e0	-5.987065902069611e-48
7.5485557007024155e0	-6.351065631512487e-48
7.555494034536679e0	-6.733168684454192e-48
7.562432368370942e0	-7.134013342236577e-48
7.569370702205205e0	-7.554244695921091e-48
7.5763090360394685e0	-7.994513734979582e-48
7.584114661603015e0	-8.514584549838575e-48
7.597991329271541e0	-9.506747058687731e-48
7.6118679969400675e0	-1.0589963163571208e-47
7.625744664608594e0	-1.1769543075579766e-47
7.6396213322771205e0	-1.3050758484504457e-47
7.653497999945647e0	-1.4438796530131308e-47
7.667374667614173e0	-1.5938710088408725e-47
7.6812513352827e0	-1.7555364569886324e-47
7.691658836034095e0	-1.884725761745581e-47
7.705535503702621e0	-2.067914910503548e-47
7.719412171371148e0	-2.26397238144695e-47
7.733288839039674e0	-2.4732619070848537e-47
7.747165506708201e0	-2.6960993916798366e-47
7.761042174376727e0	-2.932746259486655e-47
7.7749188420452535e0	-3.18340273802482e-47
7.78879550971378e0	-3.448201139122636e-47
7.8026721773823065e0	-3.7271992047772063e-47
7.816548845050833e0	-4.0203735886196446e-47
7.830425512719359e0	-4.3276135468728265e-47
7.844302180387886e0	-4.64871491507217e-47
7.858178848056412e0	-4.983374448414547e-47
7.880728433017768e0	-5.555019155022253e-47
7.908481768354821e0	-6.302627391530469e-47
7.936235103691874e0	-7.093041455660601e-47
7.963988439028927e0	-7.918245716015566e-47
8.019495109703032e0	-9.631260227086562e-47
8.0819401142114e0	-1.1546800384862967e-46
8.113162616465585e0	-1.2446067237519245e-46
8.140915951802638e0	-1.3185156641228933e-46
8.168669287139691e0	-1.3848087292327851e-46
8.196422622476744e0	-1.4416066093851287e-46
8.224175957813797e0	-1.4870675945523072e-46
8.25192929315085e0	-1.5194389547706876e-46
8.279682628487903e0	-1.5371094461248796e-46
8.307435963824956e0	-1.538661288368233e-46
8.335189299162009e0	-1.5229199010444119e-46
8.362942634499062e0	-1.4889996900919532e-46
8.390695969836115e0	-1.4363442473185348e-46
8.418449305173167e0	-1.3647594589185788e-46
8.44620264051022e0	-1.2744382117037932e-46
8.46701764201301e0	-1.1947441532985612e-46
8.480894309681537e0	-1.136133952034105e-46
8.494770977350063e0	-1.073311203869781e-46
8.50864764501859e0	-1.0064515835666338e-46
8.522524312687116e0	-9.357552298190833e-47
8.536400980355642e0	-8.614460579912939e-47
8.550277648024169e0	-7.837709075018681e-47
8.564154315692695e0	-7.029985281971715e-47
8.578030983361222e0	-6.194184113276314e-47
8.591907651029748e0	-5.333394719663176e-47
8.605784318698275e0	-4.450885908750935e-47
8.619660986366801e0	-3.5500902492077637e-47
8.633537654035328e0	-2.6345869616144857e-47
8.647414321703854e0	-1.7080837065463483e-47
8.66129098937238e0	-7.74397388759863e-48
8.675167657040907e0	1.6256589626212217e-48
8.689044324709434e0	1.098831640848359e-47
8.70292099237796e0	2.030378290996453e-47
8.716797660046486e0	2.9531590577118896e-47
8.730674327715013e0	3.8631240290708993e-47
8.74455099538354e0	4.756242436489462e-47
8.758427663052066e0	5.628524928082403e-47
8.772304330720592e0	6.476045702544468e-47
8.786180998389119e0	7.294964358660094e-47
8.800057666057645e0	8.081547318316527e-47
8.813934333726172e0	8.832188684718717e-47
8.827811001394698e0	9.543430402328746e-47
8.841687669063225e0	1.0211981590828751e-46
8.855564336731751e0	1.0834736932058558e-46
8.869441004400278e0	1.1408793996359196e-46
8.883317672068804e0	1.193146940295575e-46
8.89719433973733e0	1.2400313717885151e-46
8.911071007405857e0	1.2813125002421263e-46
8.924947675074383e0	1.3167960934884816e-46
8.93882434274291e0	1.3463149439058618e-46
8.952701010411436e0	1.3697297763089934e-46
8.966577678079963e0	1.3869299963629456e-46
8.98045434574849e0	1.3978342760972787e-46
8.994331013417016e0	1.4023909742036259e-46
9.008207681085542e0	1.4005783899022212e-46
9.022084348754069e0	1.3924048502541982e-46
9.035961016422595e0	1.3779086318680547e-46
9.049837684091122e0	1.3571577189930753e-46
9.063714351759648e0	1.3302494010028382e-46
9.077591019428175e0	1.2973097132416768e-46
9.091467687096701e0	1.2584927261302014e-46
9.105344354765228e0	1.2139796882968403e-46
9.119221022433754e0	1.163978030316089e-46
9.13309769010228e0	1.1087202363873205e-46
9.146974357770807e0	1.0484625919750595e-46
9.160851025439333e0	9.834838160513876e-47
9.17472769310786e0	9.140835871301944e-47
9.188604360776386e0	8.405809727593986e-47
9.202481028444913e0	7.633127725407122e-47
9.21635769611344e0	6.82631785074791e-47
9.230234363781966e0	5.989050094843711e-47
9.244111031450492e0	5.125117923484795e-47
9.257987699119019e0	4.238419309885365e-47
9.271864366787545e0	3.33293744083461e-47
9.285741034456072e0	2.412721205578245e-47
9.299617702124598e0	1.4818655758698806e-47
9.313494369793125e0	5.444919839857313e-48
9.327371037461651e0	-3.952711967587771e-48
9.341247705130177e0	-1.3333079672865654e-47
9.355124372798704e0	-2.265533715500687e-47
9.36900104046723e0	-3.18791383203568e-47
9.382877708135757e0	-4.0964818388986948e-47
9.396754375804283e0	-4.987356945631546e-47
9.41063104347281e0	-5.856760952749699e-47
9.424507711141336e0	-6.701034427665273e-47
9.438384378809863e0	-7.5166520840359515e-47
9.45226104647839e0	-8.300237301449452e-47
9.466137714146916e0	-9.048575728519138e-47
9.480014381815442e0	-9.758627918772203e-47
9.493891049483969e0	-1.0427540955124016e-46
9.507767717152495e0	-1.1052659025202936e-46
9.521644384821021e0	-1.1631532916282172e-46
9.535521052489548e0	-1.2161928405042125e-46
9.549397720158074e0	-1.264183352379638e-46
9.5632743878266e0	-1.3069464691128904e-46
9.577151055495127e0	-1.344327170107299e-46
9.591027723163654e0	-1.3761941570986608e-46
9.60490439083218e0	-1.4024401254112827e-46
9.618781058500707e0	-1.4229819228423046e-46
9.632657726169233e0	-1.4377605978719577e-46
9.64653439383776e0	-1.4467413394078842e-46
9.660411061506286e0	-1.4499133107539712e-46
9.674287729174813e0	-1.4472893809469469e-46
9.688164396843339e0	-1.4389057570248283e-46
9.702041064511866e0	-1.4248215211795117e-46
9.715917732180392e0	-1.4051180771007985e-46
9.729794399848918e0	-1.3798985101394523e-46
9.743671067517445e0	-1.3492868662030295e-46
9.757547735185971e0	-1.3134273545488111e-46
9.771424402854498e0	-1.27248347985475e-46
9.785301070523024e0	-1.226637109129826e-46
9.79917773819155e0	-1.1760874791729825e-46
9.813054405860077e0	-1.1210501504021304e-46
9.826931073528604e0	-1.0617559129556214e-46
9.84080774119713e0	-9.984496510160034e-47
9.854684408865657e0	-9.313891713229898e-47
9.868561076534183e0	-8.608440018294236e-47
9.88243774420271e0	-7.870941664122027e-47
9.896314411871236e0	-7.104289414811364e-47
9.910191079539763e0	-6.311456002338099e-47
9.924067747208289e0	-5.495481501853128e-47
9.937944414876815e0	-4.6594606946011e-47
9.951821082545342e0	-3.806530471701031e-47
9.965697750213868e0	-2.9398573302115417e-47
9.979574417882395e0	-2.062625010901925e-47
9.993451085550921e0	-1.1780223249971254e-47
1.0007327753219448e1	-2.8923121486428195e-48
1.0021204420887974e1	6.005849088120317e-48
1.00350810885565e1	1.4882925133486153e-47
1.0048957756225027e1	2.370798936477949e-47
1.0062834423893554e1	3.2450629901522207e-47
1.007671109156208e1	4.1081051437811547e-47
1.0090587759230607e1	4.957017257739317e-47
1.0104464426899133e1	5.788971840797233e-47
1.011834109456766e1	6.601230807960541e-47
1.0132217762236186e1	7.391153718028546e-47
1.0146094429904712e1	8.156205472999629e-47
1.0159971097573239e1	8.89396346423239e-47
1.0173847765241765e1	9.602124153020116e-47
1.0187724432910292e1	1.0278509075930394e-46
1.0201601100578818e1	1.0921070267895328e-46
1.0215477768247345e1	1.1527895098603143e-46
1.0229354435915871e1	1.2097210520227466e-46
1.0243231103584398e1	1.2627386726926755e-46
1.0257107771252924e1	1.311694022885567e-46
1.027098443892145e1	1.3564536345628736e-46
1.0284861106589977e1	1.3968991126283329e-46
1.0298737774258504e1	1.4329272704770734e-46
1.031261444192703e1	1.464450210188486e-46
1.0326491109595556e1	1.4913953486291469e-46
1.0340367777264083e1	1.5137053908962834e-46
1.035424444493261e1	1.5313382526836154e-46
1.0368121112601136e1	1.544266933290736e-46
1.0381997780269662e1	1.5524793411243523e-46
1.0395874447938189e1	1.5559780736542295e-46
1.0409751115606715e1	1.5547801538892662e-46
1.0423627783275242e1	1.5489167255292e-46
1.0437504450943768e1	1.5384327090255647e-46
1.0451381118612295e1	1.5233864208524142e-46
1.0465257786280821e1	1.5038491583420508e-46
1.0479134453949348e1	1.4799047524841984e-46
1.0493011121617874e1	1.4516490911205532e-46
1.05068877892864e1	1.419189614988464e-46
1.0520764456954927e1	1.3826447890792233e-46
1.0534641124623453e1	1.3421435517793252e-46
1.054851779229198e1	1.297824744255268e-46
1.0562394459960506e1	1.2498365225267961e-46
1.0576271127629033e1	1.1983357546490022e-46
1.059014779529756e1	1.143487405391061e-46
1.0604024462966086e1	1.0854639107600127e-46
1.0617901130634612e1	1.0244445446705674e-46
1.0631777798303139e1	9.606147800088566e-47
1.0645654465971665e1	8.94165646278834e-47
1.0659531133640192e1	8.252930859550951e-47
1.0673407801308718e1	7.5419731159630775e-47
1.0687284468977245e1	6.810821656990464e-47
1.0701161136645771e1	6.061544851934695e-47
1.0715037804314298e1	5.296234724009874e-47
1.0728914471982824e1	4.517000741886708e-47
1.074279113965135e1	3.7259637096816113e-47
1.0756667807319877e1	2.9252497709695554e-47
1.0770544474988403e1	2.1169845414885352e-47
1.078442114265693e1	1.3032873842752562e-47
1.0798297810325456e1	4.8626584003781976e-48
1.0820847395286812e1	-8.431062957546844e-48
1.0848600730623865e1	-2.4706982355497134e-47
1.0876354065960918e1	-4.0738547931066313e-47
1.090410740129797e1	-5.637194562624416e-47
1.0931860736635024e1	-7.146103896381215e-47
1.0959614071972076e1	-8.586855927579316e-47
1.098736740730913e1	-9.946714643041644e-47
1.1015120742646182e1	-1.1214023750292187e-46
1.1042874077983235e1	-1.2378280276992108e-46
1.1070627413320288e1	-1.3430193019426214e-46
1.1098380748657341e1	-1.436172611974552e-46
1.1126134083994394e1	-1.5166128198271243e-46
1.1153887419331447e1	-1.5837947596956461e-46
1.11816407546685e1	-1.6373034402972103e-46
1.1209394090005553e1	-1.6768530017410571e-46
1.1237147425342606e1	-1.702284511365256e-46
1.1264900760679659e1	-1.7135626893492958e-46
1.1292654096016712e1	-1.7107716597367153e-46
1.1320407431353765e1	-1.6941098258740571e-46
1.1348160766690818e1	-1.6638839712845027e-46
1.137591410202787e1	-1.6205026877434726e-46
1.1403667437364923e1	-1.5644692319162078e-46
1.1431420772701976e1	-1.496373910461734e-46
1.145917410803903e1	-1.4168860911138912e-46
1.1486927443376082e1	-1.3267459340313106e-46
1.1514680778713135e1	-1.226755933772772e-46
1.1542434114050188e1	-1.1177723577111621e-46
1.1570187449387241e1	-1.0006966616527129e-46
1.1597940784724294e1	-8.764669579768498e-47
1.1625694120061347e1	-7.460496058524801e-47
1.16534474553984e1	-6.104309871054091e-47
1.1681200790735453e1	-4.70609525193893e-47
1.1708954126072506e1	-3.275879985681271e-47
1.1736707461409559e1	-1.8236619351673183e-47
1.1764460796746611e1	-3.593393549897866e-48
1.1792214132083664e1	1.1073546801777893e-47
1.1819967467420717e1	2.566913460022885e-47
1.184772080275777e1	4.010113219631587e-47
1.1875474138094823e1	5.428064954309159e-47
1.1903227473431876e1	6.812261355976971e-47
1.1930980808768929e1	8.154618806514405e-47
1.1958734144105982e1	9.447514407767993e-47
1.1986487479443035e1	1.068381806896194e-46
1.2014240814780088e1	1.185691970981957e-46
1.204199415011714e1	1.2960751671811455e-46
1.2069747485454194e1	1.3989806460571393e-46
1.2097500820791247e1	1.4939149969706408e-46
1.21252541561283e1	1.5804430360020923e-46
1.2153007491465353e1	1.6581882788681351e-46
1.2166884159133879e1	1.69366577826275e-46
1.2194637494470932e1	1.7576594271142203e-46
1.2222390829807985e1	1.812185491353356e-46
1.2250144165145038e1	1.8570711808688996e-46
1.227789750048209e1	1.8921999957026286e-46
1.2305650835819144e1	1.9175103267030836e-46
1.2333404171156197e1	1.932993796947998e-46
1.236115750649325e1	1.9386933696364115e-46
1.2388910841830302e1	1.934701247991753e-46
1.2416664177167355e1	1.9211565923808687e-46
1.2444417512504408e1	1.898243079358214e-46
1.2472170847841461e1	1.8661863267087805e-46
1.2499924183178514e1	1.8252512078032298e-46
1.2527677518515567e1	1.7757390777131485e-46
1.255543085385262e1	1.7179849325753603e-46
1.2583184189189673e1	1.6523545226621349e-46
1.2610937524526726e1	1.579241438517514e-46
1.2638690859863779e1	1.4990641883789203e-46
1.2666444195200832e1	1.4122632839234e-46
1.2694197530537885e1	1.3192983501766692e-46
1.2721950865874938e1	1.2206452742078336e-46
1.274970420121199e1	1.1167934060148283e-46
1.2777457536549043e1	1.0082428237939236e-46
1.2805210871886096e1	8.955016745879375e-47
1.283296420722315e1	7.790836001318794e-47
1.2860717542560202e1	6.595052565647753e-47
1.2888470877897255e1	5.372839355608198e-47
1.2916224213234308e1	4.1293529335452237e-47
1.2943977548571361e1	2.869711930985742e-47
1.2971730883908414e1	1.598976650022716e-47
1.2999484219245467e1	3.221298775576643e-48
1.302723755458252e1	-9.559410614701696e-48
1.3054990889919573e1	-2.2304609941452967e-47
1.3082744225256626e1	-3.4967823230808346e-47
1.3110497560593679e1	-4.750399180861878e-47
1.3138250895930732e1	-5.986960319726446e-47
1.3166004231267785e1	-7.202280747052134e-47
1.3193757566604837e1	-8.392352122959985e-47
1.322151090194189e1	-9.553351941564529e-47
1.3249264237278943e1	-1.0681651522113543e-46
1.3277017572615996e1	-1.1773822840472887e-46
1.330477090795305e1	-1.2826644235154708e-46
1.3332524243290102e1	-1.3837105025358277e-46
1.3360277578627155e1	-1.4802409081321801e-46
1.3388030913964208e1	-1.5719977389698503e-46
1.3415784249301261e1	-1.6587449658671065e-46
1.3443537584638314e1	-1.7402685009143425e-46
1.3471290919975367e1	-1.8163761799619174e-46
1.349904425531242e1	-1.8868976633301924e-46
1.3526797590649473e1	-1.9516842596571774e-46
1.3554550925986526e1	-2.0106086778309326e-46
1.3582304261323578e1	-2.063564711959964e-46
1.3610057596660631e1	-2.1104668643151284e-46
1.3637810931997684e1	-2.1512499111337427e-46
1.3665564267334737e1	-2.1858684161145505e-46
1.369331760267179e1	-2.21429619635025e-46
1.3721070938008843e1	-2.236525745346453e-46
1.3748824273345896e1	-2.252567617661996e-46
1.3776577608682949e1	-2.262449779580505e-46
1.3804330944020002e1	-2.26621693008483e-46
1.3832084279357055e1	-2.2639297962588044e-46
1.3859837614694108e1	-2.255664407085823e-46
1.388759095003116e1	-2.241511349450561e-46
1.3915344285368214e1	-2.2215750099826437e-46
1.395003595453953e1	-2.1887019017981536e-46
1.4005542625213636e1	-2.1183422020601113e-46
1.4061049295887742e1	-2.0271775455322833e-46
1.4116555966561847e1	-1.9165550114559494e-46
1.4172062637235953e1	-1.78795253627672e-46
1.422756930791006e1	-1.6429548375879853e-46
1.4283075978584165e1	-1.483230165195087e-46
1.433858264925827e1	-1.3105080864965975e-46
1.4394089319932377e1	-1.1265584744170647e-46
1.4449595990606483e1	-9.331718298247783e-47
1.4505102661280588e1	-7.321410369384138e-47
1.4560609331954694e1	-5.25244619795235e-47
1.46161160026288e1	-3.142315404691909e-47
1.4671622673302906e1	-1.0080755538092841e-47
1.4727129343977012e1	1.133768753295522e-47
1.4782636014651118e1	3.267371488965479e-47
1.4838142685325224e1	5.377635907800226e-47
1.489364935599933e1	7.45029087752048e-47
1.4949156026673435e1	9.471953464805688e-47
1.5004662697347541e1	1.1430178494449808e-46
1.5060169368021647e1	1.3313495865711409e-46
1.5115676038695753e1	1.5111436457012298e-46
1.5171182709369859e1	1.6814547481113117e-46
1.5226689380043965e1	1.8414398169437413e-46
1.528219605071807e1	1.9903576668118356e-46
1.5337702721392176e1	2.127567902135154e-46
1.5393209392066282e1	2.252529110134641e-46
1.5448716062740388e1	2.364796432007939e-46
1.5504222733414494e1	2.464018592756181e-46
1.55597294040886e1	2.5499344665703415e-46
1.5615236074762706e1	2.6223692507214387e-46
1.5670742745436812e1	2.6812303166386454e-46
1.5726249416110917e1	2.726502802395444e-46
1.5781756086785023e1	2.758245006231526e-46
1.583726275745913e1	2.776583636095206e-46
1.5892769428133235e1	2.781708965551934e-46
1.594827609880734e1	2.773869941824475e-46
1.6003782769481447e1	2.753369287249255e-46
1.6059289440155553e1	2.7205586310930825e-46
1.611479611082966e1	2.6758337044957745e-46
1.6170302781503764e1	2.619629627317321e-46
1.622580945217787e1	2.5524163118856542e-46
1.6281316122851976e1	2.4746940050769823e-46
1.6336822793526082e1	2.3869889868229243e-46
1.6392329464200188e1	2.2898494400321595e-46
1.6447836134874294e1	2.183841504038178e-46
1.65033428055484e1	2.06954552103974e-46
1.6558849476222505e1	1.947552482582298e-46
1.661435614689661e1	1.8184606809295836e-46
1.6669862817570717e1	1.6828725681888487e-46
1.6725369488244823e1	1.5413918242737421e-46
1.678087615891893e1	1.3946206332016414e-46
1.6836382829593035e1	1.2431571658222766e-46
1.689188950026714e1	1.0875932658478549e-46
1.6947396170941246e1	9.285123349907328e-47
1.7002902841615352e1	7.664874121042477e-47
1.7058409512289458e1	6.020794404516759e-47
1.7113916182963564e1	4.3583571658867177e-47
1.716942285363767e1	2.682885138240743e-47
1.7224929524311776e1	9.995387281263763e-48
1.728043619498588e1	-6.866944847866777e-48
1.7335942865659987e1	-2.371008734115959e-47
1.7391449536334093e1	-4.048787620477171e-47
1.74469562070082e1	-5.715610314426135e-47
1.7502462877682305e1	-7.367256490625704e-47
1.755796954835641e1	-8.999710074735048e-47
1.7634291220533306e1	-1.1206034593405816e-46
1.7745304561881518e1	-1.4318798359418732e-46
1.785631790322973e1	-1.7294504276762311e-46
1.796733124457794e1	-2.0110792656162387e-46
1.8078344585926153e1	-2.27485426729665e-46
1.8189357927274365e1	-2.5191762058164984e-46
1.8300371268622577e1	-2.7427447375221363e-46
1.841138460997079e1	-2.944542169168713e-46
1.8522397951319e1	-3.1238155685739157e-46
1.8633411292667212e1	-3.2800577479873545e-46
1.8744424634015424e1	-3.4129875780551842e-46
1.8855437975363635e1	-3.522530023303289e-46
1.8966451316711847e1	-3.608796228111386e-46
1.907746465806006e1	-3.672063925545131e-46
1.918847799940827e1	-3.712758390292015e-46
1.9299491340756482e1	-3.731434111276336e-46
1.9410504682104694e1	-3.728757319151574e-46
1.9521518023452906e1	-3.705489468542107e-46
1.9632531364801117e1	-3.662471744322322e-46
1.974354470614933e1	-3.600610635028775e-46
1.985455804749754e1	-3.520864594334339e-46
1.9965571388845753e1	-3.4242317929919606e-46
2.0076584730193964e1	-3.3117389484081705e-46
2.0187598071542176e1	-3.1844312066680744e-46
2.0298611412890388e1	-3.0433630420603465e-46
2.04096247542386e1	-2.889590131616915e-46
2.052063809558681e1	-2.7241621565888688e-46
2.0631651436935023e1	-2.5481164788512283e-46
2.0742664778283235e1	-2.36247263771214e-46
2.0853678119631446e1	-2.168227611274722e-46
2.0964691460979658e1	-1.966351786159843e-46
2.107570480232787e1	-1.757785579865703e-46
2.118671814367608e1	-1.5434366611614927e-46
2.1297731485024293e1	-1.3241777155485847e-46
2.1408744826372505e1	-1.1008447048576028e-46
2.1519758167720717e1	-8.742355723804151e-47
2.163077150906893e1	-6.451093474762456e-47
2.174178485041714e1	-4.141856062687448e-47
2.1852798191765352e1	-1.821442478038128e-47
2.197768820078209e1	7.944249727483699e-48
2.2199714883478514e1	5.43367848963612e-47
2.2421741566174937e1	1.0022400275603506e-46
2.264376824887136e1	1.4523449108781506e-46
2.2865794931567784e1	1.890529465666988e-46
2.3087821614264207e1	2.314163543115004e-46
2.330984829696063e1	2.7210984306419638e-46
2.3531874979657054e1	3.10962389606067e-46
2.3753901662353478e1	3.478425071833722e-46
2.39759283450499e1	3.8265401998785085e-46
2.4197955027746325e1	4.153319985564631e-46
2.4419981710442748e1	4.458389086995743e-46
2.464200839313917e1	4.741610086063192e-46
2.4864035075835595e1	5.003050145013421e-46
2.508606175853202e1	5.2429504407360924e-46
2.5308088441228442e1	5.4616983835241765e-46
2.5530115123924865e1	5.659802563144668e-46
2.575214180662129e1	5.8378703187222216e-46
2.5974168489317712e1	5.996587796778544e-46
2.6196195172014136e1	6.1367023408922774e-46
2.641822185471056e1	6.2590070444251135e-46
2.6640248537406983e1	6.3643272925830455e-46
2.708430190279983e1	6.527409214670258e-46
2.7528355268192676e1	6.632794463338383e-46
2.7932480205698845e1	6.632794463338383e-46
2.797847119221943e1	6.632806197131467e-46
2.8024462178740016e1	6.632346864406703e-46
2.8070453165260602e1	6.631423688096245e-46
2.8116444151781188e1	6.630043840036789e-46
2.8162435138301774e1	6.6282144400934154e-46
2.820842612482236e1	6.625942555334544e-46
2.8254417111342946e1	6.623235199256536e-46
2.830040809786353e1	6.6200993310564615e-46
2.8346399084384117e1	6.616541854951547e-46
2.8392390070904703e1	6.612569619543828e-46
2.843838105742529e1	6.608189417228662e-46
2.8484372043945875e1	6.6034079836457234e-46
2.853036303046646e1	6.598231997171103e-46
2.8576354016987047e1	6.592668078449257e-46
2.8622345003507633e1	6.586722789963515e-46
2.866833599002822e1	6.580402635643847e-46
2.8714326976548804e1	6.573714060510769e-46
2.8806308949589972e1	6.5592571314457286e-46
2.889829092263114e1	6.543402373380197e-46
2.899027289567231e1	6.5261991972216154e-46
2.9082254868713477e1	6.507696048463735e-46
2.9174236841754645e1	6.487940403286995e-46
2.9266218814795813e1	6.466978766351127e-46
2.935820078783698e1	6.444856670160793e-46
2.945018276087815e1	6.421618675891163e-46
2.9542164733919318e1	6.3973083755662996e-46
2.9634146706960486e1	6.3719683954888095e-46
2.9726128680001654e1	6.345640400824637e-46
2.9818110653042822e1	6.318365101252143e-46
2.991009262608399e1	6.290182257589537e-46
3.000207459912516e1	6.26113068931953e-46
3.0094056572166327e1	6.2312482829345456e-46
3.0186038545207495e1	6.200572001030281e-46
3.0278020518248663e1	6.169137892079489e-46
3.037000249128983e1	6.136981100821837e-46
3.0461984464331e1	6.104135879209495e-46
3.0553966437372168e1	6.0706355978515844e-46
3.0645948410413336e1	6.036512757904297e-46
3.0737930383454504e1	6.0017990033564075e-46
3.0829912356495672e1	5.9665251336633404e-46
3.092189432953684e1	5.930721116685641e-46
3.101387630257801e1	5.894416101890695e-46
3.1105858275619177e1	5.8576384337790195e-46
3.1197840248660345e1	5.820415665499171e-46
3.1289822221701513e1	5.782774572617442e-46
3.138180419474268e1	5.744741167011119e-46
3.147378616778385e1	5.706340710855925e-46
3.1565768140825018e1	5.667597730680463e-46
3.1749732086907358e1	5.589178710742749e-46
3.1933696032989697e1	5.509666142411274e-46
3.211765997907204e1	5.4292311927496655e-46
3.2301623925154374e1	5.3480346088970845e-46
3.248558787123671e1	5.2662271615469e-46
3.266955181731905e1	5.183950081894869e-46
3.285351576340138e1	5.101335490567346e-46
3.322144365556606e1	4.935579210366465e-46
3.358937154773074e1	4.769848756866753e-46
3.377333549381308e1	4.6872383260876926e-46
3.3957299439895415e1	4.6049145300396765e-46
3.414126338597775e1	4.5229568458220055e-46
3.432522733206009e1	4.44143867692396e-46
3.4509191278142424e1	4.360427677048997e-46
3.469315522422476e1	4.279986061173089e-46
3.48771191703071e1	4.200170903950794e-46
3.496910114334827e1	4.160514748217964e-46
3.506108311638944e1	4.121034425636247e-46
3.515306508943061e1	4.081735750131819e-46
3.5245047062471784e1	4.042624265777109e-46
3.5337029035512955e1	4.00370525468898e-46
3.542901100855413e1	3.964983744745647e-46
3.55209929815953e1	3.9264645171247896e-46
3.561297495463647e1	3.888152113665318e-46
3.570495692767764e1	3.850050844055403e-46
3.5796938900718814e1	3.812164792849326e-46
3.5888920873759986e1	3.774497826315859e-46
3.598090284680116e1	3.7370535991208465e-46
3.607288481984233e1	3.699835560846741e-46
3.61648667928835e1	3.6628469623518475e-46
3.625684876592467e1	3.626090861972068e-46
3.6348830738965844e1	3.5895701315679256e-46
3.6440812712007016e1	3.5532874624197144e-46
3.653279468504819e1	3.517245370973525e-46
3.662477665808936e1	3.4814462044410367e-46
3.671675863113053e1	3.4458921462558254e-46
3.68087406041717e1	3.410585221389019e-46
3.6900722577212875e1	3.375527301527067e-46
3.699270455025405e1	3.3407201101144513e-46
3.708468652329522e1	3.306165227264036e-46
3.717666849633639e1	3.271864094537851e-46
3.726865046937756e1	3.2378180196009978e-46
3.736063244241873e1	3.2040281807513874e-46
3.7452614415459905e1	3.1704956313279617e-46
3.754459638850108e1	3.1372213040000666e-46
3.763657836154225e1	3.1042060149405546e-46
3.772856033458342e1	3.0714504678852244e-46
3.782054230762459e1	3.0389552580811254e-46
3.7912524280665764e1	3.006720876126253e-46
3.8004506253706936e1	2.9747477117031028e-46
3.809648822674811e1	2.943036057208535e-46
3.818847019978928e1	2.911586111282339e-46
3.828045217283045e1	2.8803979822369006e-46
3.837243414587162e1	2.849471691390256e-46
3.8464416118912794e1	2.818807176304867e-46
3.8556398091953966e1	2.7884042939343488e-46
3.864838006499514e1	2.7582628236803738e-46
3.874036203803631e1	2.728382470361931e-46
3.883234401107748e1	2.6987628670990654e-46
3.892432598411865e1	2.6694035781132092e-46
3.9016307957159825e1	2.6403041014461682e-46
3.9108289930200996e1	2.611463871599758e-46
3.920027190324217e1	2.5828822620980903e-46
3.929225387628334e1	2.554558587974459e-46
3.938423584932451e1	2.5264921081847097e-46
3.947621782236568e1	2.498682027948959e-46
3.9568199795406855e1	2.4711275010235052e-46
3.966018176844803e1	2.443827631904714e-46
3.97521637414892e1	2.4167814779666065e-46
3.984414571453037e1	2.3899880515339023e-46
3.993612768757154e1	2.363446321892163e-46
4.0028109660612714e1	2.337155217236695e-46
4.0120091633653885e1	2.3111136265618004e-46
4.021207360669506e1	2.2853204014919674e-46
4.030405557973623e1	2.2597743580565083e-46
4.03960375527774e1	2.2344742784091555e-46
4.048801952581857e1	2.2094189124940954e-46
4.0580001498859744e1	2.184606979659848e-46
4.0671983471900916e1	2.1600371702224033e-46
4.076396544494209e1	2.135708146978989e-46
4.085594741798326e1	2.111618546673774e-46
4.094792939102443e1	2.0877669814168485e-46
4.10399113640656e1	2.0641520400577324e-46
4.1131893337106774e1	2.040772289514649e-46
4.1223875310147946e1	2.0176262760607866e-46
4.131585728318912e1	1.9947125265687313e-46
4.140783925623029e1	1.9720295497142116e-46
4.149982122927146e1	1.949575837140308e-46
4.159180320231263e1	1.9273498645831843e-46
4.1683785175353805e1	1.9053500929604553e-46
4.1775767148394976e1	1.8835749694232023e-46
4.186774912143615e1	1.8620229283726696e-46
4.195973109447732e1	1.8406923924426406e-46
4.205171306751849e1	1.819581773448444e-46
4.214369504055966e1	1.7986894733035524e-46
4.2235677013600835e1	1.778013884904688e-46
4.232765898664201e1	1.7575533929863136e-46
4.241964095968318e1	1.7373063749454096e-46
4.251162293272435e1	1.7172712016373743e-46
4.260360490576552e1	1.6974462381438742e-46
4.2695586878806694e1	1.6778298445134597e-46
4.2787568851847865e1	1.6584203764757319e-46
4.287955082488904e1	1.6392161861298133e-46
4.297153279793021e1	1.6202156226078927e-46
4.306351477097138e1	1.6014170327145544e-46
4.315549674401255e1	1.582818761542597e-46
4.3247478717053724e1	1.5644191530660477e-46
4.3339460690094896e1	1.5462165507110253e-46
4.343144266313607e1	1.5282092979051169e-46
4.352342463617724e1	1.5103957386058964e-46
4.361540660921841e1	1.4927742178092061e-46
4.370738858225958e1	1.4753430820378086e-46
4.3799370555300754e1	1.4581006798109868e-46
4.3891352528341926e1	1.4410453620956684e-46
4.39833345013831e1	1.4241754827396302e-46
4.407531647442427e1	1.407489398887313e-46
4.416729844746544e1	1.3909854713787857e-46
4.425928042050661e1	1.374662065132363e-46
4.4351262393547785e1	1.3585175495113713e-46
4.444324436658896e1	1.342550298675552e-46
4.453522633963013e1	1.3267586919175705e-46
4.46272083126713e1	1.3111411139850846e-46
4.471919028571247e1	1.2956959553888249e-46
4.481117225875364e1	1.2804216126971147e-46
4.4903154231794815e1	1.2653164888172503e-46
4.499513620483599e1	1.250378993264149e-46
4.508711817787716e1	1.2356075424166744e-46
4.517910015091833e1	1.2210005597620037e-46
4.52710821239595e1	1.2065564761284363e-46
4.5363064097000674e1	1.1922737299069938e-46
4.5455046070041845e1	1.1781507672621727e-46
4.554702804308302e1	1.164186042332196e-46
4.563901001612419e1	1.1503780174190926e-46
4.573099198916536e1	1.1367251631689414e-46
4.582297396220653e1	1.1232259587425844e-46
4.5914955935247704e1	1.1098788919771296e-46
4.6006937908288876e1	1.09668245953853e-46
4.609891988133005e1	1.0836351670655434e-46
4.619090185437122e1	1.0707355293053427e-46
4.628288382741239e1	1.0579820702410596e-46
4.637486580045356e1	1.045373323211524e-46
4.6466847773494734e1	1.0329078310234635e-46
4.6558829746535906e1	1.0205841460564035e-46
4.665081171957708e1	1.0084008303605265e-46
4.674279369261825e1	9.963564557477174e-47
4.683477566565942e1	9.84449603876029e-47
4.692675763870059e1	9.726788663277907e-47
4.7018739611741765e1	9.610428446815796e-47
4.711072158478294e1	9.49540150578266e-47
4.720270355782411e1	9.381694057813301e-47
4.729468553086528e1	9.269292422316594e-47
4.738666750390645e1	9.158183020970131e-47
4.747864947694762e1	9.048352378163441e-47
4.7570631449988795e1	8.939787121391588e-47
4.766261342302997e1	8.832473981600922e-47
4.775459539607114e1	8.726399793488686e-47
4.784657736911231e1	8.621551495758171e-47
4.793855934215348e1	8.517916131330996e-47
4.8030541315194654e1	8.415480847518106e-47
4.8122523288235826e1	8.314232896150999e-47
4.8214505261277e1	8.214159633674652e-47
4.830648723431817e1	8.115248521203584e-47
4.839846920735934e1	8.017487124542438e-47
4.849045118040051e1	7.9208631141724575e-47
4.8582433153441684e1	7.825364265205079e-47
4.8674415126482856e1	7.730978457304046e-47
4.876639709952403e1	7.637693674577099e-47
4.88583790725652e1	7.545498005438604e-47
4.895036104560637e1	7.454379642444161e-47
4.904234301864754e1	7.364326882098336e-47
4.9134324991688715e1	7.275328124636624e-47
4.9226306964729886e1	7.187371873782687e-47
4.931828893777106e1	7.10044673648189e-47
4.941027091081223e1	7.014541422612099e-47
4.95022528838534e1	6.929644744672717e-47
4.959423485689457e1	6.8457456174529e-47
4.9686216829935745e1	6.762833057679832e-47
4.977819880297692e1	6.680896183647928e-47
4.987018077601809e1	6.599924214829828e-47
4.996216274905926e1	6.519906471470002e-47
5.005414472210043e1	6.440832374161715e-47
5.0146126695141604e1	6.362691443408187e-47
5.0238108668182775e1	6.285473299168612e-47
5.033009064122395e1	6.209167660389856e-47
5.042207261426512e1	6.133764344524401e-47
5.051405458730629e1	6.059253267035331e-47
5.060603656034746e1	5.985624440888968e-47
5.0698018533388634e1	5.912867976035744e-47
5.0790000506429806e1	5.840974078879986e-47
5.088198247947098e1	5.769933051739185e-47
5.097396445251215e1	5.699735292293308e-47
5.106594642555332e1	5.630371293024712e-47
5.115792839859449e1	5.561831640649183e-47
5.1249910371635664e1	5.494107015538678e-47
5.1341892344676836e1	5.427188191136178e-47
5.143387431771801e1	5.361066033363211e-47
5.152585629075918e1	5.295731500020481e-47
5.161783826380035e1	5.231175640182062e-47
5.170982023684152e1	5.16738959358357e-47
5.1801802209882695e1	5.104364590004791e-47
5.1893784182923866e1	5.042091948647118e-47
5.198576615596504e1	4.980563077506209e-47
5.207774812900621e1	4.9197694727402775e-47
5.216973010204738e1	4.85970271803431e-47
5.226171207508855e1	4.800354483960661e-47
5.2353694048129725e1	4.741716527336275e-47
5.24456760211709e1	4.683780690576924e-47
5.253765799421207e1	4.626538901048771e-47
5.262963996725324e1	4.569983170417543e-47
5.272162194029441e1	4.514105593995654e-47
5.2813603913335584e1	4.458898350087492e-47
5.2905585886376755e1	4.404353699333226e-47
5.299756785941793e1	4.35046398405134e-47
5.30895498324591e1	4.2972216275801903e-47
5.318153180550027e1	4.2446191336187855e-47
5.327351377854144e1	4.192649085567084e-47
5.3365495751582614e1	4.1413041458659915e-47
5.3457477724623786e1	4.090577055337291e-47
5.354945969766496e1	4.040460632523719e-47
5.364144167070613e1	3.9909477730294054e-47
5.37334236437473e1	3.9420314488608443e-47
5.382540561678847e1	3.8937047077686094e-47
5.3917387589829644e1	3.8459606725899675e-47
5.4009369562870816e1	3.7987925405925974e-47
5.410135153591199e1	3.7521935828195383e-47
5.419333350895316e1	3.70615714343558e-47
5.428531548199433e1	3.660676639075181e-47
5.43772974550355e1	3.6157455581921424e-47
5.4469279428076675e1	3.5713574604110917e-47
5.456126140111785e1	3.5275059758809887e-47
5.465324337415902e1	3.484184804630728e-47
5.474522534720019e1	3.4413877159269795e-47
5.483720732024136e1	3.399108547634403e-47
5.492918929328253e1	3.3573412055783156e-47
5.5021171266323705e1	3.316079662909951e-47
5.511315323936488e1	3.275317959474389e-47
5.520513521240605e1	3.235050201181261e-47
5.529711718544722e1	3.1952705593783516e-47
5.538909915848839e1	3.1559732702281234e-47
5.5481081131529564e1	3.1171526340873246e-47
5.5573063104570736e1	3.078803014889692e-47
5.566504507761191e1	3.04091883953188e-47
5.575702705065308e1	3.003494597262651e-47
5.584900902369425e1	2.966524839075408e-47
5.594099099673542e1	2.93000417710415e-47
5.6032972969776594e1	2.893927284022884e-47
5.6124954942817766e1	2.858288892448571e-47
5.621693691585894e1	2.8230837943476546e-47
5.630891888890011e1	2.788306840446219e-47
5.640090086194128e1	2.75395293964384e-47
5.649288283498245e1	2.720017058431157e-47
5.6584864808023625e1	2.6864942203112167e-47
5.6676846781064796e1	2.6533795052246303e-47
5.676882875410597e1	2.6206680489785777e-47
5.686081072714714e1	2.58835504267969e-47
5.695279270018831e1	2.556435732170859e-47
5.704477467322948e1	2.5249054174719675e-47
5.7136756646270655e1	2.4937594522246116e-47
5.722873861931183e1	2.462993243140808e-47
5.7320720592353e1	2.4326022494557245e-47
5.741270256539417e1	2.4025819823844434e-47
5.750468453843534e1	2.372928004582785e-47
5.759666651147651e1	2.3436359296122095e-47
5.7688648484517685e1	2.314701421408792e-47
5.778063045755886e1	2.286120193756318e-47
5.787261243060003e1	2.257888009763477e-47
5.79645944036412e1	2.2300006813451857e-47
5.805657637668237e1	2.2024540687080256e-47
5.8148558349723544e1	2.1752440798398324e-47
5.8240540322764716e1	2.1483666700034125e-47
5.833252229580589e1	2.1218178412344102e-47
5.842450426884706e1	2.095593641843308e-47
5.851648624188823e1	2.0696901659215809e-47
5.86084682149294e1	2.044103552851995e-47
5.8700450187970574e1	2.0188299868230335e-47
5.8792432161011746e1	1.99386569634747e-47
5.888441413405292e1	1.9692069537850706e-47
5.897639610709409e1	1.9448500748694243e-47
5.906837808013526e1	1.9207914182388913e-47
5.916036005317643e1	1.8970273849716665e-47
5.9252342026217605e1	1.8735544181249352e-47
5.9344323999258776e1	1.8503690022781327e-47
5.943630597229995e1	1.8274676630802781e-47
5.952828794534112e1	1.8048469668013867e-47
5.962026991838229e1	1.782503519887932e-47
5.971225189142346e1	1.760433968522349e-47
5.9804233864464635e1	1.7386349981865809e-47
5.989621583750581e1	1.7171033332296334e-47
5.998819781054698e1	1.6958357364391249e-47
6.008017978358815e1	1.6748290086168268e-47
6.017216175662932e1	1.654079988158165e-47
6.0264143729670494e1	1.6335855506356741e-47
6.0356125702711665e1	1.613342608386384e-47
6.044810767575284e1	1.5933481101031183e-47
6.054008964879401e1	1.5735990404296805e-47
6.063207162183518e1	1.554092419559925e-47
6.072405359487635e1	1.534825302840672e-47
6.0816035567917524e1	1.5157947803784597e-47
6.0908017540958696e1	1.4969979766501098e-47
6.099999951399987e1	1.478432050117082e-47
6.109198148704104e1	1.4600941928435949e-47
6.118396346008221e1	1.441981630118505e-47
6.127594543312338e1	1.4240916200808924e-47
6.1367927406164554e1	1.4064214533493645e-47
6.1459909379205726e1	1.3889684526550317e-47
6.15518913522469e1	1.3717299724781325e-47
6.164387332528807e1	1.3547033986883015e-47
6.173585529832924e1	1.3378861481884337e-47
6.182783727137041e1	1.3212756685621442e-47
6.1919819244411585e1	1.3048694377247764e-47
6.2011801217452756e1	1.2886649635779542e-47
6.210378319049393e1	1.2726597836676302e-47
6.21957651635351e1	1.2568514648456311e-47
6.228774713657627e1	1.2412376029346623e-47
6.237972910961744e1	1.2258158223967406e-47
6.2471711082658615e1	1.2105837760050396e-47
6.256369305569979e1	1.1955391445191198e-47
6.265567502874096e1	1.1806796363635117e-47
6.274765700178213e1	1.1660029873096396e-47
6.28396389748233e1	1.1515069601610452e-47
6.2931620947864474e1	1.1371893444418998e-47
6.3023602920905645e1	1.123047956088761e-47
6.311558489394682e1	1.1090806371455662e-47
6.320756686698799e1	1.0952852554618296e-47
6.329954884002916e1	1.0816597043940111e-47
6.339153081307033e1	1.068201902510041e-47
6.3483512786111504e1	1.0549097932969701e-47
6.3575494759152676e1	1.0417813448717129e-47
6.366747673219385e1	1.028814549694871e-47
6.375945870523502e1	1.0160074242876022e-47
6.385144067827619e1	1.0033580089515049e-47
6.394342265131736e1	9.908643674915065e-48
6.403540462435853e1	9.785245869417161e-48
6.41273865973997e1	9.663367772942195e-48
6.421936857044088e1	9.542990712307924e-48
6.431135054348205e1	9.424096238575065e-48
6.440333251652322e1	9.306666124422013e-48
6.44953144895644e1	9.19068236154798e-48
6.458729646260556e1	9.076127158104234e-48
6.467927843564674e1	8.962982936153263e-48
6.477126040868791e1	8.851232329155569e-48
6.486324238172908e1	8.74085817948385e-48
6.495522435477025e1	8.631843535964286e-48
6.504720632781142e1	8.524171651444754e-48
6.51391883008526e1	8.417825980389636e-48
6.523117027389377e1	8.312790176501005e-48
6.532315224693494e1	8.209048090365938e-48
6.541513421997611e1	8.106583767129757e-48
6.550711619301728e1	8.00538144419485e-48
6.559909816605845e1	7.9054255489449e-48
6.569108013909963e1	7.806700696494278e-48
6.57830621121408e1	7.709191687462311e-48
6.587504408518197e1	7.612883505772258e-48
6.596702605822314e1	7.517761316474663e-48
6.605900803126431e1	7.423810463594896e-48
6.615099000430548e1	7.331016468004668e-48
6.624297197734666e1	7.239365025317235e-48
6.633495395038783e1	7.148842003806089e-48
6.6426935923429e1	7.059433442346876e-48
6.651891789647017e1	6.97112554838232e-48
6.661089986951134e1	6.88390469590996e-48
6.670288184255251e1	6.79775742349239e-48
6.679486381559369e1	6.712670432289863e-48
6.688684578863486e1	6.628630584114947e-48
6.697882776167603e1	6.545624899509098e-48
6.70708097347172e1	6.463640555840832e-48
6.716279170775837e1	6.38266488542539e-48
6.725477368079954e1	6.302685373665528e-48
6.734675565384072e1	6.223689657213352e-48
6.743873762688189e1	6.145665522152919e-48
6.753071959992306e1	6.068600902203342e-48
6.762270157296423e1	5.992483876942309e-48
6.77146835460054e1	5.91730267004968e-48
6.780666551904658e1	5.843045647571036e-48
6.789864749208775e1	5.769701316200888e-48
6.799062946512892e1	5.697258321585438e-48
6.808261143817009e1	5.6257054466446e-48
6.817459341121126e1	5.555031609913145e-48
6.826657538425243e1	5.485225863900694e-48
6.83585573572936e1	5.4162773934704345e-48
6.845053933033478e1	5.3481755142363035e-48
6.854252130337595e1	5.2809096709784566e-48
6.863450327641712e1	5.2144694360768525e-48
6.872648524945829e1	5.148844507962702e-48
6.881846722249946e1	5.084024709587653e-48
6.891044919554064e1	5.019999986910462e-48
6.900243116858181e1	4.9567604074010143e-48
6.909441314162298e1	4.894296158561473e-48
6.918639511466415e1	4.8325975464643587e-48
6.927837708770532e1	4.7716549943073926e-48
6.93703590607465e1	4.711459040984955e-48
6.946234103378767e1	4.652000339675903e-48
6.955432300682884e1	4.593269656447619e-48
6.964630497987001e1	4.535257868876089e-48
6.973828695291118e1	4.477955964681853e-48
6.983026892595235e1	4.421355040381637e-48
6.992225089899352e1	4.3654462999554855e-48
7.00142328720347e1	4.3102210535292355e-48
7.010621484507587e1	4.255670716072178e-48
7.019819681811704e1	4.2017868061096957e-48
7.029017879115821e1	4.14856094445072e-48
7.038216076419938e1	4.095984852929879e-48
7.047414273724056e1	4.044050353164126e-48
7.056612471028173e1	3.9927493653236943e-48
7.06581066833229e1	3.942073906917256e-48
7.075008865636407e1	3.89201609159105e-48
7.084207062940524e1	3.842568127941894e-48
7.093405260244641e1	3.7937223183438905e-48
7.102603457548759e1	3.7454710577886525e-48
7.111801654852876e1	3.697806832738933e-48
7.120999852156993e1	3.6507222199954734e-48
7.13019804946111e1	3.60420988557694e-48
7.139396246765227e1	3.558262583612795e-48
7.148594444069344e1	3.5128731552489325e-48
7.157792641373462e1	3.4680345275659625e-48
7.166990838677579e1	3.423739712509979e-48
7.176189035981696e1	3.3799818058356695e-48
7.185387233285813e1	3.336753986061625e-48
7.19458543058993e1	3.2940495134377026e-48
7.203783627894047e1	3.2518617289243286e-48
7.212981825198165e1	3.2101840531835473e-48
7.222180022502282e1	3.169009985581734e-48
7.231378219806399e1	3.128333103203819e-48
7.240576417110516e1	3.0881470598788536e-48
7.249774614414633e1	3.048445585216836e-48
7.25897281171875e1	3.009222483656637e-48
7.268171009022868e1	2.9704716335248943e-48
7.277369206326985e1	2.932186986105749e-48
7.286567403631102e1	2.894362564721302e-48
7.295765600935219e1	2.856992463822651e-48
7.304963798239336e1	2.820070848091396e-48
7.314161995543454e1	2.783591951551482e-48
7.323360192847571e1	2.7475500766912463e-48
7.332558390151688e1	2.711939593595567e-48
7.341756587455805e1	2.6767549390879755e-48
7.350954784759922e1	2.6419906158826214e-48
7.36015298206404e1	2.607641191745974e-48
7.369351179368157e1	2.573701298668125e-48
7.378549376672274e1	2.5401656320436066e-48
7.387747573976391e1	2.5070289498615753e-48
7.396945771280508e1	2.4742860719052818e-48
7.406143968584625e1	2.441931878960684e-48
7.415342165888742e1	2.409961312034114e-48
7.42454036319286e1	2.3783693715788743e-48
7.433738560496977e1	2.3471511167306624e-48
7.442936757801094e1	2.3163016645517038e-48
7.452134955105211e1	2.2858161892835105e-48
7.461333152409328e1	2.2556899216081304e-48
7.470531349713445e1	2.225918147917793e-48
7.479729547017563e1	2.1964962095928618e-48
7.48892774432168e1	2.1674195022879744e-48
7.498125941625797e1	2.1386834752262637e-48
7.507324138929914e1	2.1102836305015785e-48
7.516522336234031e1	2.0822155223885866e-48
7.525720533538149e1	2.054474756660669e-48
7.534918730842266e1	2.0270569899155172e-48
7.544116928146383e1	1.9999579289083105e-48
7.5533151254505e1	1.973173329892402e-48
7.562513322754617e1	1.9466989979674116e-48
7.571711520058734e1	1.9205307864346282e-48
7.580909717362852e1	1.8946645961596257e-48
7.590107914666969e1	1.8690963749420133e-48
7.599306111971086e1	1.8438221168922133e-48
7.608504309275203e1	1.8188378618151917e-48
7.61770250657932e1	1.7941396946010378e-48
7.626900703883437e1	1.769723744622316e-48
7.636098901187555e1	1.7455861851380975e-48
7.645297098491672e1	1.721723232704588e-48
7.654495295795789e1	1.698131146592254e-48
7.663693493099906e1	1.6748062282093842e-48
7.672891690404023e1	1.6517448205319808e-48
7.68208988770814e1	1.628943307539917e-48
7.691288085012258e1	1.606398113659258e-48
7.700486282316375e1	1.5841057032106756e-48
7.709684479620492e1	1.5620625798638834e-48
7.718882676924609e1	1.5402652860979947e-48
7.728080874228726e1	1.518710402667737e-48
7.737279071532843e1	1.4973945480754423e-48
7.74647726883696e1	1.4763143780487327e-48
7.755675466141078e1	1.4554665850238267e-48
7.764873663445195e1	1.43484789763439e-48
7.774071860749312e1	1.414455080205856e-48
7.78327005805343e1	1.3942849322551376e-48
7.792468255357547e1	1.3743342879956667e-48
7.801666452661664e1	1.3546000158476767e-48
7.810864649965781e1	1.3350790179536601e-48
7.820062847269898e1	1.3157682296989368e-48
7.829261044574015e1	1.2966646192372454e-48
7.838459241878132e1	1.2777651870213077e-48
7.84765743918225e1	1.2590669653382811e-48
7.856855636486367e1	1.2405670178500327e-48
7.866053833790484e1	1.2222624391381813e-48
7.875252031094601e1	1.204150354253817e-48
7.884450228398718e1	1.186227918271845e-48
7.893648425702835e1	1.1684923158498886e-48
7.902846623006953e1	1.15094076079168e-48
7.91204482031107e1	1.1335704956148786e-48
7.921243017615187e1	1.1163787911232452e-48
7.930441214919304e1	1.09936294598312e-48
7.939639412223421e1	1.0825202863041258e-48
7.948837609527538e1	1.0658481652240497e-48
7.958035806831656e1	1.049343962497828e-48
7.967234004135773e1	1.0330050840905866e-48
7.97643220143989e1	1.016828961774658e-48
7.985630398744007e1	1.0008130527305304e-48
7.994828596048124e1	9.849548391516656e-49
8.004026793352241e1	9.692518278531172e-49
8.013224990656359e1	9.537015498839034e-49
8.022423187960476e1	9.383015601430661e-49
8.031621385264593e1	9.230494369993659e-49
8.04081958256871e1	9.079427819145499e-49
8.050017779872827e1	8.929792190701388e-49
8.059215977176945e1	8.781563949976784e-49
8.068414174481062e1	8.63471978212395e-49
8.077612371785179e1	8.489236588502031e-49
8.086810569089296e1	8.345091483080126e-49
8.096008766393413e1	8.202261788872744e-49
8.10520696369753e1	8.060725034407188e-49
8.114405161001648e1	7.92045895022226e-49
8.123603358305765e1	7.781441465397813e-49
8.132801555609882e1	7.643650704114586e-49
8.141999752913999e1	7.507064982243822e-49
8.151197950218116e1	7.371662803966136e-49
8.160396147522233e1	7.237422858419168e-49
8.16959434482635e1	7.104324016373428e-49
8.178792542130468e1	6.972345326935901e-49
8.187990739434585e1	6.841466014280907e-49
8.197188936738702e1	6.711665474407645e-49
8.20638713404282e1	6.582923271924051e-49
8.215585331346936e1	6.4552191368563585e-49
8.224783528651054e1	6.328532961483956e-49
8.233981725955171e1	6.202844797199022e-49
8.243179923259288e1	6.078134851390479e-49
8.252378120563405e1	5.954383484351772e-49
8.261576317867522e1	5.8315712062120274e-49
8.27077451517164e1	5.709678673890099e-49
8.279972712475757e1	5.588686688071043e-49
8.289170909779874e1	5.46857619020457e-49
8.298369107083991e1	5.349328259524998e-49
8.307567304388108e1	5.230924110092259e-49
8.316765501692225e1	5.113345087853516e-49
8.325963698996343e1	4.996572667724934e-49
8.33516189630046e1	4.880588450693134e-49
8.344360093604577e1	4.765374160935952e-49
8.353558290908694e1	4.650911642961966e-49
8.362756488212811e1	4.537182858768442e-49
8.371954685516928e1	4.424169885017213e-49
8.381152882821046e1	4.3118549102280615e-49
8.390351080125163e1	4.2002202319891996e-49
8.39954927742928e1	4.089248254184387e-49
8.408747474733397e1	3.978921484236279e-49
8.417945672037514e1	3.869222530365583e-49
8.427143869341631e1	3.760134098865586e-49
8.436342066645749e1	3.651638991391637e-49
8.445540263949866e1	3.543720102265196e-49
8.454738461253983e1	3.436360415791982e-49
8.4639366585581e1	3.3295430035938595e-49
8.473134855862217e1	3.223251021954013e-49
8.482333053166334e1	3.117467709175023e-49
8.491531250470452e1	3.0121763829494234e-49
8.500729447774569e1	2.90736043774233e-49
8.509927645078686e1	2.8030033421857695e-49
8.519125842382803e1	2.6990886364842532e-49
8.52832403968692e1	2.5955999298312378e-49
8.537522236991038e1	2.4925208978360522e-49
8.546720434295155e1	2.3898352799609053e-49
8.555918631599272e1	2.2875268769675652e-49
8.565116828903389e1	2.1855795483733154e-49
8.574315026207506e1	2.08397720991581e-49
8.583513223511623e1	1.9827038310264156e-49
8.59271142081574e1	1.8817434323116604e-49
8.601909618119858e1	1.781080083042389e-49
8.611107815423975e1	1.6806978986502491e-49
8.620306012728092e1	1.5805810382311078e-49
8.629504210032209e1	1.480713702055013e-49
8.638702407336326e1	1.381080129082322e-49
8.647900604640444e1	1.281664594485596e-49
8.657098801944561e1	1.182451407176886e-49
8.666296999248678e1	1.0834249073400237e-49
8.675495196552795e1	9.845694639675347e-50
8.684693393856912e1	8.85869472401787e-50
8.69389159116103e1	7.873093518799949e-50
8.703089788465147e1	6.888735430826968e-50
8.712287985769264e1	5.905465056853178e-50
8.721486183073381e1	4.923127159124498e-50
8.730684380377498e1	3.9415666409445413e-50
8.739882577681615e1	2.9606285222601114e-50
8.749080774985732e1	1.9801579152623994e-50
8.75827897228985e1	1e-50