position	wave function
6.501289411869178e0	-4.776053482512018e-57
6.503008627694748e0	-9.53990124648515e-57
6.504727843520318e0	-1.4327693209238314e-56
6.506447059345889e0	-1.9151315806939148e-56
6.508166275171459e0	-2.4022655739080293e-56
6.509885490997029e0	-2.895362897423978e-56
6.5116047068226e0	-3.3956209392721403e-56
6.51332392264817e0	-3.904245713933811e-56
6.51504313847374e0	-4.422454675729326e-56
6.516762354299311e0	-4.951479517202127e-56
6.518481570124881e0	-5.492568959195472e-56
6.520200785950451e0	-6.046991539148542e-56
6.521920001776022e0	-6.616038403986707e-56
6.523639217601592e0	-7.201026113846348e-56
6.525358433427162e0	-7.803299462756642e-56
6.527077649252733e0	-8.424234322298717e-56
6.528796865078303e0	-9.065240514175787e-56
6.530516080903873e0	-9.727764717555399e-56
6.532235296729444e0	-1.0413293416986518e-55
6.533954512555014e0	-1.1123355896648908e-55
6.535673728380584e0	-1.1859527286660746e-55
6.537392944206155e0	-1.2623431667149873e-55
6.539112160031725e0	-1.341674523578639e-55
6.540831375857295e0	-1.4241199544478717e-55
6.542550591682866e0	-1.5098584810950055e-55
6.544269807508436e0	-1.5990753310937728e-55
6.545989023334006e0	-1.6919622856795194e-55
6.547708239159577e0	-1.7887180368323206e-55
6.549427454985147e0	-1.8895485541714164e-55
6.551146670810717e0	-1.9946674622559992e-55
6.552865886636288e0	-2.1042964288951933e-55
6.554585102461858e0	-2.2186655650785295e-55
6.556304318287428e0	-2.3380138371480457e-55
6.558023534112999e0	-2.462589491843386e-55
6.559742749938569e0	-2.5926504948629413e-55
6.561461965764139e0	-2.7284649835963222e-55
6.56318118158971e0	-2.870311734696624e-55
6.56490039741528e0	-3.018480647175288e-55
6.56661961324085e0	-3.1732732417172315e-55
6.568338829066421e0	-3.335003176929906e-55
6.570058044891991e0	-3.5039967832569744e-55
6.571777260717561e0	-3.680593615304725e-55
6.573496476543132e0	-3.865147023348062e-55
6.575215692368702e0	-4.058024744802695e-55
6.576934908194272e0	-4.259609516470283e-55
6.578654124019843e0	-4.4702997083845876e-55
6.580373339845413e0	-4.690509980109377e-55
6.582092555670983e0	-4.9206719603616015e-55
6.583811771496554e0	-5.161234950857684e-55
6.585530987322124e0	-5.4126666553057435e-55
6.587250203147694e0	-5.675453934492717e-55
6.588969418973265e0	-5.9501035884423785e-55
6.590688634798835e0	-6.237143166648032e-55
6.592407850624405e0	-6.537121807412732e-55
6.594127066449976e0	-6.850611107360275e-55
6.595846282275546e0	-7.178206022210378e-55
6.597565498101116e0	-7.5205257999446e-55
6.599284713926687e0	-7.878214947521738e-55
6.601003929752257e0	-8.251944232336391e-55
6.602723145577827e0	-8.642411719649148e-55
6.604442361403398e0	-9.050343847253742e-55
6.606161577228968e0	-9.476496538683729e-55
6.607880793054538e0	-9.921656356300605e-55
6.609600008880109e0	-1.0386641695644527e-54
6.611319224705679e0	-1.0872304022470233e-54
6.613038440531249e0	-1.137952915393315e-54
6.61475765635682e0	-1.1909238585434834e-54
6.61647687218239e0	-1.2462390864680753e-54
6.61819608800796e0	-1.3039983014550657e-54
6.6199153038335306e0	-1.364305200642916e-54
6.621634519659101e0	-1.4272676285692392e-54
6.623353735484671e0	-1.4929977351098096e-54
6.6250729513102415e0	-1.561612138987786e-54
6.626792167135812e0	-1.6332320970382428e-54
6.628511382961382e0	-1.7079836794187785e-54
6.6302305987869525e0	-1.7859979509624182e-54
6.631949814612523e0	-1.8674111588748864e-54
6.633669030438093e0	-1.9523649269842362e-54
6.6353882462636635e0	-2.0410064567570073e-54
6.637107462089234e0	-2.1334887353011404e-54
6.638826677914804e0	-2.2299707505825642e-54
6.6405458937403745e0	-2.3306177140888947e-54
6.642265109565945e0	-2.435601291180284e-54
6.643984325391515e0	-2.545099839374707e-54
6.6457035412170855e0	-2.659298654821866e-54
6.647422757042656e0	-2.778390227227497e-54
6.649141972868226e0	-2.902574503497051e-54
6.6508611886937965e0	-3.0320591603758165e-54
6.652580404519367e0	-3.167059886370066e-54
6.654299620344937e0	-3.307800673242339e-54
6.6560188361705075e0	-3.454514117381927e-54
6.657738051996078e0	-3.6074417313604917e-54
6.659457267821648e0	-3.766834265991287e-54
6.6611764836472185e0	-3.9329520432195255e-54
6.662895699472789e0	-4.1060653001806684e-54
6.664614915298359e0	-4.28645454477274e-54
6.6663341311239295e0	-4.4744109230985437e-54
6.6680533469495e0	-4.6702365991434435e-54
6.66977256277507e0	-4.874245147064771e-54
6.6714917786006405e0	-5.086761956479051e-54
6.673210994426211e0	-5.30812465114411e-54
6.674930210251781e0	-5.53868352144375e-54
6.6766494260773515e0	-5.778801971094404e-54
6.678368641902922e0	-6.028856978503958e-54
6.680087857728492e0	-6.28923957322499e-54
6.6818070735540624e0	-6.560355327957095e-54
6.683526289379633e0	-6.84262486656435e-54
6.685245505205203e0	-7.136484388587378e-54
6.686964721030773e0	-7.442386210741844e-54
6.688683936856344e0	-7.760799325908715e-54
6.690403152681914e0	-8.092209980134902e-54
6.692122368507484e0	-8.437122268176806e-54
6.693841584333055e0	-8.796058748133413e-54
6.695560800158625e0	-9.169561075730061e-54
6.697280015984195e0	-9.558190658828666e-54
6.698999231809766e0	-9.962529332755305e-54
6.700718447635336e0	-1.0383180057052056e-53
6.702437663460906e0	-1.0820767634274792e-53
6.704156879286477e0	-1.1275939451476068e-53
6.705876095112047e0	-1.1749366245027117e-53
6.707595310937617e0	-1.2241742889452156e-53
6.709314526763188e0	-1.2753789210962966e-53
6.711033742588758e0	-1.3286250826401405e-53
6.712752958414328e0	-1.3839900008314649e-53
6.714472174239899e0	-1.4415536576905836e-53
6.716191390065469e0	-1.5013988819623725e-53
6.717910605891039e0	-1.5636114439171619e-53
6.71962982171661e0	-1.628280153073744e-53
6.72134903754218e0	-1.695496958926577e-53
6.72306825336775e0	-1.7653570547614046e-53
6.724787469193321e0	-1.8379589846456084e-53
6.726506685018891e0	-1.9134047536816327e-53
6.728225900844461e0	-1.9917999416141746e-53
6.729945116670032e0	-2.0732538198839245e-53
6.731664332495602e0	-2.157879472223043e-53
6.733383548321172e0	-2.2457939188898023e-53
6.735102764146743e0	-2.337118244642233e-53
6.736821979972313e0	-2.4319777305529934e-53
6.738541195797883e0	-2.5305019897702986e-53
6.740260411623454e0	-2.632825107332084e-53
6.741979627449024e0	-2.739085784143247e-53
6.743698843274594e0	-2.8494274852285175e-53
6.745418059100165e0	-2.9639985923760444e-53
6.747137274925735e0	-3.082952561289454e-53
6.748856490751305e0	-3.206448083369463e-53
6.750575706576876e0	-3.3346492522481125e-53
6.752294922402446e0	-3.467725735202343e-53
6.754014138228016e0	-3.6058529495761684e-53
6.755733354053587e0	-3.7492122443439173e-53
6.757452569879157e0	-3.8979910869500454e-53
6.759171785704727e0	-4.0523832555640804e-53
6.760891001530298e0	-4.212589036892454e-53
6.762610217355868e0	-4.378815429692549e-53
6.764329433181438e0	-4.55127635413703e-53
6.766048649007009e0	-4.73019286718042e-53
6.767767864832579e0	-4.915793384083182e-53
6.769487080658149e0	-5.108313906251859e-53
6.77120629648372e0	-5.307998255557671e-53
6.77292551230929e0	-5.51509831529962e-53
6.77464472813486e0	-5.729874277981606e-53
6.776363943960431e0	-5.9525949000769e-53
6.778083159786001e0	-6.183537763957668e-53
6.779802375611571e0	-6.42298954717021e-53
6.781521591437142e0	-6.671246299241386e-53
6.783240807262712e0	-6.92861372620535e-53
6.784960023088282e0	-7.195407483044286e-53
6.786679238913853e0	-7.471953474240178e-53
6.788398454739423e0	-7.758588162639609e-53
6.790117670564993e0	-8.055658886838207e-53
6.791836886390564e0	-8.363524187294644e-53
6.793556102216134e0	-8.682554141389959e-53
6.795275318041704e0	-9.013130707651502e-53
6.796994533867275e0	-9.355648079366064e-53
6.798713749692845e0	-9.710513047810934e-53
6.800432965518415e0	-1.007814537533747e-52
6.802152181343986e0	-1.045897817854501e-52
6.803871397169556e0	-1.0853458321789774e-52
6.805590612995126e0	-1.126204682127741e-52
6.807309828820697e0	-1.1685219259992694e-52
6.809029044646267e0	-1.212346621372603e-52
6.810748260471837e0	-1.2577293688461209e-52
6.812467476297408e0	-1.3047223569394356e-52
6.814186692122978e0	-1.3533794081859558e-52
6.815905907948548e0	-1.4037560264441635e-52
6.817625123774119e0	-1.455909445456333e-52
6.819344339599689e0	-1.5098986786839137e-52
6.821063555425259e0	-1.5657845704493433e-52
6.8227827712508295e0	-1.6236298484148193e-52
6.8245019870764e0	-1.6834991774289198e-52
6.82622120290197e0	-1.7454592147727977e-52
6.8279404187275405e0	-1.809578666838128e-52
6.829659634553111e0	-1.875928347269768e-52
6.831378850378681e0	-1.9445812366065308e-52
6.8330980662042515e0	-2.0156125434543134e-52
6.834817282029822e0	-2.089099767226441e-52
6.836536497855392e0	-2.1651227624865967e-52
6.8382557136809625e0	-2.2437638049306253e-52
6.839974929506533e0	-2.3251076590439605e-52
6.841694145332103e0	-2.409241647472352e-52
6.8434133611576735e0	-2.4962557221440224e-52
6.845132576983244e0	-2.5862425371822672e-52
6.846851792808814e0	-2.6792975236482567e-52
6.8485710086343845e0	-2.7755189661543924e-52
6.850290224459955e0	-2.8750080813894393e-52
6.852009440285525e0	-2.9778690985974084e-52
6.8537286561110955e0	-3.0842093420528444e-52
6.855447871936666e0	-3.1941393155759296e-52
6.857167087762236e0	-3.3077727891319036e-52
6.8588863035878065e0	-3.425226887559658e-52
6.860605519413377e0	-3.546622181475391e-52
6.862324735238947e0	-3.672082780398124e-52
6.8640439510645175e0	-3.801736428144502e-52
6.865763166890088e0	-3.935714600541278e-52
6.867482382715658e0	-4.0741526055047915e-52
6.8692015985412285e0	-4.2171896855372916e-52
6.870920814366799e0	-4.364969122691226e-52
6.872640030192369e0	-4.517638346053309e-52
6.8743592460179395e0	-4.675349041800781e-52
6.87607846184351e0	-4.8382572658840166e-52
6.87779767766908e0	-5.006523559389563e-52
6.8795168934946505e0	-5.180313066639293e-52
6.881236109320221e0	-5.359795656081865e-52
6.882955325145791e0	-5.545146044034025e-52
6.8846745409713614e0	-5.736543921329886e-52
6.886393756796932e0	-5.934174082937497e-52
6.888112972622502e0	-6.138226560603001e-52
6.889832188448072e0	-6.348896758583408e-52
6.891551404273643e0	-6.566385592530325e-52
6.893270620099213e0	-6.79089963158805e-52
6.894989835924783e0	-7.022651243769782e-52
6.896709051750354e0	-7.261858744677715e-52
6.898428267575924e0	-7.508746549633015e-52
6.900147483401494e0	-7.763545329283143e-52
6.901866699227065e0	-8.026492168755071e-52
6.903585915052635e0	-8.297830730423536e-52
6.905305130878205e0	-8.577811420365392e-52
6.907024346703776e0	-8.866691558571416e-52
6.908743562529346e0	-9.16473555298833e-52
6.910462778354916e0	-9.472215077464933e-52
6.912181994180487e0	-9.789409253677511e-52
6.913901210006057e0	-1.0116604837110682e-51
6.915620425831627e0	-1.0454096407170588e-51
6.917339641657198e0	-1.0802186561509269e-51
6.919058857482768e0	-1.1161186114639772e-51
6.920778073308338e0	-1.1531414300922352e-51
6.922497289133909e0	-1.1913198982004455e-51
6.924216504959479e0	-1.2306876858796984e-51
6.925935720785049e0	-1.2712793688071421e-51
6.92765493661062e0	-1.3131304503763539e-51
6.92937415243619e0	-1.3562773843070366e-51
6.930663564305368e0	-1.389510465372498e-51
6.932382780130938e0	-1.435015798867816e-51
6.9341019959565084e0	-1.4819223229248637e-51
6.935821211782079e0	-1.5302702647914018e-51
6.937540427607649e0	-1.5801009162570313e-51
6.939259643433219e0	-1.6314566591936363e-51
6.94097885925879e0	-1.6843809916369494e-51
6.94269807508436e0	-1.738918554418926e-51
6.94441729090993e0	-1.795115158360742e-51
6.946136506735501e0	-1.8530178120362804e-51
6.947855722561071e0	-1.9126747501162138e-51
6.949574938386641e0	-1.9741354623028e-51
6.951294154212212e0	-2.0374507228657187e-51
6.953013370037782e0	-2.1026726207894134e-51
6.954732585863352e0	-2.16985459054252e-51
6.956451801688923e0	-2.239051443480004e-51
6.958171017514493e0	-2.3103193998890273e-51
6.959890233340063e0	-2.3837161216893532e-51
6.961609449165634e0	-2.4593007457995626e-51
6.963328664991204e0	-2.5371339181801846e-51
6.965047880816774e0	-2.6172778285652595e-51
6.966767096642345e0	-2.699796245893817e-51
6.968486312467915e0	-2.78475455445297e-51
6.970205528293485e0	-2.872219790744412e-51
6.971924744119056e0	-2.9622606810863085e-51
6.973643959944626e0	-3.054947679962627e-51
6.975363175770196e0	-3.1503530091321194e-51
6.977082391595767e0	-3.2485506975094545e-51
6.978801607421337e0	-3.3496166218308986e-51
6.980520823246907e0	-3.4536285481172765e-51
6.982240039072478e0	-3.560666173946911e-51
6.983959254898048e0	-3.670811171551607e-51
6.985678470723618e0	-3.7841472317487666e-51
6.987397686549189e0	-3.9007601087227444e-51
6.989116902374759e0	-4.020737665668875e-51
6.990836118200329e0	-4.144169921313733e-51
6.9925553340259e0	-4.2711490973253197e-51
6.99427454985147e0	-4.40176966662677e-51
6.99599376567704e0	-4.5361284026277736e-51
6.997712981502611e0	-4.6743244293876503e-51
6.999432197328181e0	-4.8164592727242787e-51
7.001151413153751e0	-4.962636912283553e-51
7.002870628979322e0	-5.1129638345833996e-51
7.004589844804892e0	-5.267549087047468e-51
7.006309060630462e0	-5.426504333043013e-51
7.008028276456033e0	-5.589943907938046e-51
7.009747492281603e0	-5.757984876192814e-51
7.011466708107173e0	-5.930747089500765e-51
7.013185923932744e0	-6.10835324599458e-51
7.014905139758314e0	-6.290928950532502e-51
7.016624355583884e0	-6.478602776080815e-51
7.018343571409455e0	-6.671506326208228e-51
7.020062787235025e0	-6.869774298708097e-51
7.021782003060595e0	-7.07354455036446e-51
7.023501218886166e0	-7.282958162878227e-51
7.025220434711736e0	-7.498159509969867e-51
7.026939650537306e0	-7.719296325674812e-51
7.028658866362877e0	-7.946519773848692e-51
7.030378082188447e0	-8.179984518898763e-51
7.032097298014017e0	-8.419848797758332e-51
7.033816513839588e0	-8.666274493121898e-51
7.035535729665158e0	-8.919427207957024e-51
7.037254945490728e0	-9.179476341311208e-51
7.038974161316299e0	-9.446595165430883e-51
7.040693377141869e0	-9.720960904209932e-51
7.042412592967439e0	-1.0002754812985408e-50
7.04413180879301e0	-1.0292162259698494e-50
7.04585102461858e0	-1.0589372807438139e-50
7.04757024044415e0	-1.0894580298386029e-50
7.049289456269721e0	-1.1207982939180658e-50
7.051008672095291e0	-1.1529783387718877e-50
7.052727887920861e0	-1.1860188841413307e-50
7.054447103746432e0	-1.2199411126924057e-50
7.056166319572002e0	-1.2547666791383801e-50
7.057885535397572e0	-1.2905177195134246e-50
7.059604751223143e0	-1.3272168605993353e-50
7.061323967048713e0	-1.364887229507249e-50
7.063043182874283e0	-1.4035524634161697e-50
7.064762398699854e0	-1.4432367194703334e-50
7.066481614525424e0	-1.483964684837249e-50
7.068200830350994e0	-1.5257615869284132e-50
7.0699200461765646e0	-1.5686532037846307e-50
7.071639262002135e0	-1.6126658746278612e-50
7.073358477827705e0	-1.6578265105816167e-50
7.0750776936532755e0	-1.704162605561902e-50
7.076796909478846e0	-1.7517022473405336e-50
7.078516125304416e0	-1.800474128783027e-50
7.0802353411299865e0	-1.8505075592629359e-50
7.081954556955557e0	-1.9018324762546983e-50
7.083673772781127e0	-1.954479457106987e-50
7.0853929886066975e0	-2.0084797309985896e-50
7.087112204432268e0	-2.0638651910788546e-50
7.088831420257838e0	-2.1206684067947375e-50
7.0905506360834085e0	-2.1789226364065194e-50
7.092269851908979e0	-2.238661839694227e-50
7.093989067734549e0	-2.2999206908568108e-50
7.0957082835601195e0	-2.3627345916061104e-50
7.09742749938569e0	-2.427139684457816e-50
7.09914671521126e0	-2.4931728662212805e-50
7.1008659310368305e0	-2.5608718016904143e-50
7.102585146862401e0	-2.630274937537772e-50
7.104304362687971e0	-2.7014215164137644e-50
7.1060235785135415e0	-2.7743515912531896e-50
7.107742794339112e0	-2.849106039791224e-50
7.109462010164682e0	-2.9257265792908006e-50
7.1111812259902525e0	-3.0042557814836514e-50
7.112900441815823e0	-3.0847370877269525e-50
7.114619657641393e0	-3.1672148243778313e-50
7.1163388734669635e0	-3.251734218387707e-50
7.118058089292534e0	-3.338341413118663e-50
7.119777305118104e0	-3.427083484383829e-50
7.1214965209436745e0	-3.518008456713935e-50
7.123215736769245e0	-3.6111653198522143e-50
7.1266541684203855e0	-3.804375604173247e-50
7.130092600071526e0	-4.0071262009317875e-50
7.133531031722667e0	-4.219845511890265e-50
7.136969463373807e0	-4.442979046241311e-50
7.140407895024948e0	-4.676990005405778e-50
7.143846326676089e0	-4.922359883641063e-50
7.147284758327229e0	-5.17958908472321e-50
7.15072318997837e0	-5.449197554964031e-50
7.154161621629511e0	-5.731725432822738e-50
7.157600053280651e0	-6.027733715368751e-50
7.161038484931792e0	-6.337804941849785e-50
7.164476916582933e0	-6.662543894615963e-50
7.167915348234073e0	-7.002578317647522e-50
7.171353779885214e0	-7.358559652929714e-50
7.174792211536355e0	-7.731163794914596e-50
7.178230643187495e0	-8.121091863304497e-50
7.181669074838636e0	-8.529070994387601e-50
7.185107506489777e0	-8.955855151150498e-50
7.188545938140917e0	-9.402225952387175e-50
7.191984369792058e0	-9.868993521017901e-50
7.195422801443199e0	-1.0356997351824643e-49
7.198861233094339e0	-1.0867107198803765e-49
7.20229966474548e0	-1.1400223982329219e-49
7.205738096396621e0	-1.1957280716310815e-49
7.209176528047761e0	-1.2539243455526095e-49
7.212614959698902e0	-1.3147112263294282e-49
7.216053391350043e0	-1.3781922199652672e-49
7.219491823001183e0	-1.4444744330186156e-49
7.222930254652324e0	-1.513668675565128e-49
7.226368686303465e0	-1.585889566252574e-49
7.229807117954605e0	-1.6612556394603705e-49
7.233245549605746e0	-1.7398894545745283e-49
7.236683981256887e0	-1.8219177073879897e-49
7.240122412908027e0	-1.9074713436347027e-49
7.243560844559168e0	-1.996685674664862e-49
7.246999276210309e0	-2.0897004952673108e-49
7.250437707861449e0	-2.186660203643852e-49
7.25387613951259e0	-2.2877139235386864e-49
7.257314571163731e0	-2.393015628524784e-49
7.260753002814871e0	-2.5027242684477783e-49
7.264191434466012e0	-2.6170038980259856e-49
7.267629866117153e0	-2.736023807603977e-49
7.271068297768293e0	-2.859958656055235e-49
7.274506729419434e0	-2.9889886058280212e-49
7.2779451610705745e0	-3.123299460126467e-49
7.281383592721715e0	-3.2630828022175773e-49
7.284822024372856e0	-3.408536136852679e-49
7.2882604560239965e0	-3.559863033790224e-49
7.291698887675137e0	-3.717273273404748e-49
7.295137319326278e0	-3.880982994365043e-49
7.2985757509774185e0	-4.051214843362275e-49
7.302014182628559e0	-4.22819812686717e-49
7.3054526142797e0	-4.412168964893074e-49
7.3088910459308405e0	-4.6033704467393634e-49
7.312329477581981e0	-4.802052788687923e-49
7.315767909233122e0	-5.0084734936229346e-49
7.3192063408842625e0	-5.222897512542013e-49
7.322644772535403e0	-5.445597407924252e-49
7.326083204186544e0	-5.6768535189187904e-49
7.3295216358376845e0	-5.916954128315128e-49
7.332960067488825e0	-6.166195631253163e-49
7.336398499139966e0	-6.424882705629832e-49
7.339836930791106e0	-6.693328484155294e-49
7.343275362442247e0	-6.971854728010527e-49
7.346713794093388e0	-7.260792002054565e-49
7.350152225744528e0	-7.560479851527517e-49
7.353590657395669e0	-7.871266980192388e-49
7.35702908904681e0	-8.19351142985722e-49
7.36046752069795e0	-8.527580761214912e-49
7.363905952349091e0	-8.87385223593682e-49
7.367344384000232e0	-9.232712999951918e-49
7.370782815651372e0	-9.604560267842487e-49
7.374221247302513e0	-9.989801508282804e-49
7.377659678953654e0	-1.03888546304454e-48
7.381098110604794e0	-1.0802148171296942e-48
7.384536542255935e0	-1.1230121483701994e-48
7.387974973907076e0	-1.1673224925250629e-48
7.391413405558216e0	-1.2131920047723831e-48
7.394851837209357e0	-1.2606679787106067e-48
7.398290268860498e0	-1.3097988654053025e-48
7.401728700511638e0	-1.3606342924719268e-48
7.405167132162779e0	-1.413225083184739e-48
7.40860556381392e0	-1.4676232756017202e-48
7.41204399546506e0	-1.523882141695229e-48
7.415482427116201e0	-1.5820562064775594e-48
7.418920858767342e0	-1.6422012671105954e-48
7.422359290418482e0	-1.7043744119882074e-48
7.425797722069623e0	-1.7686340397799604e-48
7.429236153720764e0	-1.8350398784243115e-48
7.432674585371904e0	-1.9036530040591815e-48
7.436113017023045e0	-1.9745358598775626e-48
7.439551448674186e0	-2.0477522748956575e-48
7.442989880325326e0	-2.1233674826205118e-48
7.446428311976467e0	-2.201448139604052e-48
7.449866743627608e0	-2.2820623438701083e-48
7.453305175278748e0	-2.3652796532006905e-48
7.456743606929889e0	-2.4511711032677587e-48
7.46018203858103e0	-2.5398092255960425e-48
7.46362047023217e0	-2.6312680653426962e-48
7.467058901883311e0	-2.725623198879069e-48
7.470497333534452e0	-2.8229517511595544e-48
7.473935765185592e0	-2.923332412862537e-48
7.477374196836733e0	-3.026845457287935e-48
7.4808126284878735e0	-3.133572756995918e-48
7.484251060139014e0	-3.2435978001708195e-48
7.487689491790155e0	-3.357005706694298e-48
7.4911279234412955e0	-3.4738832439115966e-48
7.494566355092436e0	-3.5943188420744514e-48
7.498004786743577e0	-3.7184026094440185e-48
7.5014432183947175e0	-3.8462263470371215e-48
7.504881650045858e0	-3.977883562998823e-48
7.508320081696999e0	-4.113469486584198e-48
7.5117585133481395e0	-4.253081081732209e-48
7.51519694499928e0	-4.396817060214058e-48
7.518635376650421e0	-4.544777894338701e-48
7.5220738083015615e0	-4.697065829197706e-48
7.525512239952702e0	-4.853784894431712e-48
7.528950671603843e0	-5.0150409155005534e-48
7.5323891032549835e0	-5.1809415244393536e-48
7.535827534906124e0	-5.3515961700820935e-48
7.539265966557265e0	-5.527116127734792e-48
7.542704398208405e0	-5.707614508280107e-48
7.546142829859546e0	-5.893206266694908e-48
7.549581261510687e0	-6.084008209962648e-48
7.553019693161827e0	-6.28013900436231e-48
7.556458124812968e0	-6.481719182115266e-48
7.559896556464109e0	-6.68887114737213e-48
7.563334988115249e0	-6.901719181520961e-48
7.56677341976639e0	-7.120389447798376e-48
7.570211851417531e0	-7.345009995185635e-48
7.573650283068671e0	-7.575710761571407e-48
7.577088714719812e0	-7.81262357616265e-48
7.580527146370953e0	-8.055882161125892e-48
7.583965578022093e0	-8.305622132440721e-48
7.587404009673234e0	-8.561980999947816e-48
7.590842441324375e0	-8.82509816657299e-48
7.594280872975515e0	-9.095114926710475e-48
7.596000088801086e0	-9.232755325451586e-48
7.599438520452226e0	-9.513390534126338e-48
7.602876952103367e0	-9.801286829066727e-48
7.606315383754508e0	-1.0096592099519019e-47
7.609753815405648e0	-1.0399456108045593e-47
7.613192247056789e0	-1.0710030483972559e-47
7.61663067870793e0	-1.1028468715885146e-47
7.62006911035907e0	-1.1354926143154705e-47
7.623507542010211e0	-1.1689559946481754e-47
7.626945973661352e0	-1.2032529137438393e-47
7.630384405312492e0	-1.2383994546995434e-47
7.633822836963633e0	-1.2744118813018884e-47
7.637261268614774e0	-1.3113066366720743e-47
7.640699700265914e0	-1.3491003418049344e-47
7.644138131917055e0	-1.3878097940005648e-47
7.647576563568196e0	-1.4274519651871507e-47
7.651014995219336e0	-1.468044000133558e-47
7.654453426870477e0	-1.5096032145505213e-47
7.657891858521618e0	-1.552147093079033e-47
7.661330290172758e0	-1.5956932871647918e-47
7.664768721823899e0	-1.6402596128174351e-47
7.671645585126184e0	-1.7325247314221381e-47
7.678522448428469e0	-1.82908817573921e-47
7.6853993117307535e0	-1.9300981424888325e-47
7.692276175033038e0	-2.03570520566402e-47
7.699153038335323e0	-2.146062216115067e-47
7.706029901637608e0	-2.261324193222129e-47
7.712906764939893e0	-2.3816482085726027e-47
7.719783628242178e0	-2.5071932615751554e-47
7.726660491544463e0	-2.6381201469580464e-47
7.733537354846748e0	-2.774591314115489e-47
7.7404142181490325e0	-2.9167707182829236e-47
7.747291081451317e0	-3.0648236635390044e-47
7.754167944753602e0	-3.218916637650395e-47
7.761044808055887e0	-3.3792171387934677e-47
7.767921671358172e0	-3.545893494205716e-47
7.774798534660457e0	-3.719114670838891e-47
7.781675397962742e0	-3.8990500781048885e-47
7.788552261265027e0	-4.0858693628254253e-47
7.7954291245673115e0	-4.2797421965160733e-47
7.802305987869596e0	-4.480838055155285e-47
7.809182851171881e0	-4.689325991609443e-47
7.816059714474166e0	-4.90537440090463e-47
7.822936577776451e0	-5.129150778556503e-47
7.829813441078736e0	-5.360821472189521e-47
7.836690304381021e0	-5.600551426696878e-47
7.843567167683306e0	-5.848503923212793e-47
7.8504440309855905e0	-6.104840312187731e-47
7.857320894287875e0	-6.369719740877291e-47
7.86419775759016e0	-6.643298875574385e-47
7.871074620892445e0	-6.925731618932695e-47
7.87795148419473e0	-7.217168822748564e-47
7.884828347497015e0	-7.517757996585554e-47
7.8917052107993e0	-7.827643012643213e-47
7.898582074101585e0	-8.146963807289116e-47
7.9054589374038695e0	-8.475856079688067e-47
7.912335800706154e0	-8.814450987979012e-47
7.919212664008439e0	-9.162874843463696e-47
7.926089527310724e0	-9.521248803285451e-47
7.932966390613009e0	-9.88968856208985e-47
7.939843253915294e0	-1.0268304043170151e-46
7.946720117217579e0	-1.0657199089612392e-46
7.953596980519864e0	-1.1056471155964979e-46
7.9604738438221485e0	-1.1466211000966765e-46
7.967350707124433e0	-1.188650238187565e-46
7.974227570426718e0	-1.2317421750946842e-46
7.981104433729003e0	-1.275903795461681e-46
7.987981297031288e0	-1.3211411935951983e-46
7.994858160333573e0	-1.3674596440926529e-46
8.001735023635856e0	-1.4148635729095773e-46
8.008611886938137e0	-1.4633565289232564e-46
8.015488750240419e0	-1.5129411560494584e-46
8.0223656135427e0	-1.563619165968913e-46
8.029242476844981e0	-1.6153913115199871e-46
8.036119340147263e0	-1.6682573608136172e-46
8.042996203449544e0	-1.7222160721261523e-46
8.056749930054114e0	-1.833401319982105e-46
8.070503656658683e0	-1.948916024787744e-46
8.084257383263253e0	-2.068711542254425e-46
8.098011109867823e0	-2.1927209793112427e-46
8.111764836472393e0	-2.3208586324130822e-46
8.125518563076962e0	-2.4530195049044257e-46
8.139272289681532e0	-2.5890789089681434e-46
8.153026016286102e0	-2.7288921572109455e-46
8.166779742890672e0	-2.8722943484108277e-46
8.180533469495241e0	-3.0191002513804127e-46
8.194287196099811e0	-3.169104290289141e-46
8.208040922704381e0	-3.3220806341415303e-46
8.22179464930895e0	-3.4777833924335926e-46
8.242425239215802e0	-3.715863151338724e-46
8.269932692424934e0	-4.0402051545665176e-46
8.30431700893635e0	-4.4530563319554375e-46
8.359331915354614e0	-5.117254302316775e-46
8.386839368563747e0	-5.444170700973831e-46
8.41434682177288e0	-5.763024223137963e-46
8.441854274982012e0	-6.070213204860771e-46
8.469361728191144e0	-6.36207902688948e-46
8.496869181400276e0	-6.634958853186112e-46
8.517499771307127e0	-6.824982325466935e-46
8.531253497911697e0	-6.943864591970325e-46
8.545007224516267e0	-7.056003588703141e-46
8.558760951120837e0	-7.160979810567366e-46
8.572514677725406e0	-7.258386050669752e-46
8.586268404329976e0	-7.347828970062545e-46
8.600022130934546e0	-7.428930616565734e-46
8.613775857539116e0	-7.50132988526073e-46
8.627529584143685e0	-7.564683913639589e-46
8.641283310748255e0	-7.618669404825776e-46
8.655037037352825e0	-7.66298387275103e-46
8.668790763957395e0	-7.697346803672485e-46
8.682544490561964e0	-7.721500728938672e-46
8.696298217166534e0	-7.735212204463998e-46
8.710051943771104e0	-7.73827269293655e-46
8.723805670375674e0	-7.730499345366022e-46
8.737559396980243e0	-7.711735679167863e-46
8.751313123584813e0	-7.681852150576813e-46
8.765066850189383e0	-7.640746619777835e-46
8.778820576793953e0	-7.588344707736259e-46
8.792574303398522e0	-7.524600044296168e-46
8.806328030003092e0	-7.449494407690257e-46
8.820081756607662e0	-7.363037756166651e-46
8.833835483212232e0	-7.265268152981605e-46
8.847589209816801e0	-7.15625158653017e-46
8.861342936421371e0	-7.036081687885758e-46
8.875096663025941e0	-6.90487934849475e-46
8.88885038963051e0	-6.762792241216504e-46
8.90260411623508e0	-6.609994248315027e-46
8.91635784283965e0	-6.446684800392097e-46
8.93011156944422e0	-6.273088130602351e-46
8.94386529604879e0	-6.08945244880628e-46
8.95761902265336e0	-5.896049040599142e-46
8.97137274925793e0	-5.693171296398601e-46
8.985126475862499e0	-5.481133675983566e-46
8.998880202467069e0	-5.260270614051063e-46
9.012633929071638e0	-5.030935372495246e-46
9.026387655676208e0	-4.793498845216575e-46
9.040141382280778e0	-4.5483483213370465e-46
9.053895108885348e0	-4.295886212732352e-46
9.067648835489917e0	-4.036528751794991e-46
9.081402562094487e0	-3.770704665312278e-46
9.095156288699057e0	-3.4988538302856577e-46
9.108910015303627e0	-3.2214259174301134e-46
9.122663741908196e0	-2.9388790279784914e-46
9.136417468512766e0	-2.65167832927739e-46
9.150171195117336e0	-2.3602946944991103e-46
9.163924921721906e0	-2.065203351610584e-46
9.177678648326475e0	-1.7668825465386297e-46
9.191432374931045e0	-1.4658122252501219e-46
9.205186101535615e0	-1.1624727392309041e-46
9.218939828140185e0	-8.573435785984002e-47
9.232693554744754e0	-5.509021368228324e-47
9.246447281349324e0	-2.436225107622398e-47
9.260201007953894e0	6.40256605607235e-48
9.273954734558464e0	3.715783152952636e-47
9.287708461163033e0	6.785780433541953e-47
9.301462187767603e0	9.84575113692133e-47
9.315215914372173e0	1.2891284519910632e-46
9.328969640976743e0	1.5918065667628715e-46
9.342723367581312e0	1.8921884221648e-46
9.356477094185882e0	2.189864256105869e-46
9.370230820790452e0	2.4844363424995483e-46
9.383984547395022e0	2.775519696788609e-46
9.397738273999591e0	3.0627427241314103e-46
9.411492000604161e0	3.3457478098929802e-46
9.42524572720873e0	3.624191852330293e-46
9.4389994538133e0	3.897746737595379e-46
9.45275318041787e0	4.166099757404515e-46
9.46650690702244e0	4.428953969933901e-46
9.48026063362701e0	4.6860285047030626e-46
9.49401436023158e0	4.93705881239523e-46
9.50776808683615e0	5.181796860739407e-46
9.52152181344072e0	5.4200112777413175e-46
9.535275540045289e0	5.6514874436991305e-46
9.549029266649859e0	5.876027533577272e-46
9.562782993254428e0	6.0934505114330465e-46
9.576536719858998e0	6.3035920787021525e-46
9.590290446463568e0	6.506304578245072e-46
9.604044173068138e0	6.701456856141447e-46
9.617797899672707e0	6.888934083290554e-46
9.631551626277277e0	7.068637538935948e-46
9.645305352881847e0	7.240484358280883e-46
9.659059079486417e0	7.404407246396572e-46
9.672812806090986e0	7.560354160651499e-46
9.686566532695556e0	7.708287963905308e-46
9.700320259300126e0	7.848186050715332e-46
9.714073985904696e0	7.9800399488002e-46
9.727827712509265e0	8.103854897990851e-46
9.741581439113835e0	8.219649408878555e-46
9.755335165718405e0	8.327454803339898e-46
9.769088892322975e0	8.427314739081266e-46
9.782842618927544e0	8.519284720303343e-46
9.796596345532114e0	8.603431596535513e-46
9.810350072136684e0	8.679833051635571e-46
9.824103798741254e0	8.748577084889883e-46
9.837857525345823e0	8.809761486085592e-46
9.851611251950393e0	8.863493306355952e-46
9.865364978554963e0	8.909888326531225e-46
9.879118705159533e0	8.949070524649218e-46
9.892872431764102e0	8.981171544206225e-46
9.906626158368672e0	9.006330164647056e-46
9.920379884973242e0	9.024691775514019e-46
9.934133611577812e0	9.036407855592573e-46
9.945359094031605e0	9.036407855592573e-46
9.953024212974034e0	9.037934120298244e-46
9.960689331916463e0	9.03751540546081e-46
9.968354450858891e0	9.035180518675467e-46
9.97601956980132e0	9.030958668681552e-46
9.983684688743748e0	9.02487943949292e-46
9.991349807686177e0	9.016972764851158e-46
9.999014926628606e0	9.00726890301546e-46
1.0006680045571034e1	8.995798411902373e-46
1.0014345164513463e1	8.982592124587702e-46
1.0022010283455892e1	8.96768112518244e-46
1.002967540239832e1	8.95109672509351e-46
1.0037340521340749e1	8.932870439679772e-46
1.0045005640283177e1	8.91303396531282e-46
1.0052670759225606e1	8.891619156851527e-46
1.0060335878168035e1	8.868658005538581e-46
1.0068000997110463e1	8.844182617326579e-46
1.0075666116052892e1	8.818225191640755e-46
1.008333123499532e1	8.790818000584557e-46
1.0090996353937749e1	8.761993368593853e-46
1.0098661472880178e1	8.731783652544866e-46
1.0106326591822606e1	8.700221222320381e-46
1.0113991710765035e1	8.667338441838154e-46
1.0121656829707463e1	8.633167650544996e-46
1.0129321948649892e1	8.597741145379166e-46
1.013698706759232e1	8.561091163203586e-46
1.014465218653475e1	8.523249863711616e-46
1.0152317305477178e1	8.484249312806598e-46
1.0159982424419606e1	8.444121466456081e-46
1.0167647543362035e1	8.402898155020892e-46
1.0175312662304464e1	8.360611068059089e-46
1.0182977781246892e1	8.317291739604088e-46
1.019064290018932e1	8.272971533916015e-46
1.019830801913175e1	8.227681631704835e-46
1.0205973138074178e1	8.181453016823361e-46
1.0213638257016607e1	8.134316463428089e-46
1.0221303375959035e1	8.086302523605125e-46
1.0228968494901464e1	8.03744151545834e-46
1.0236633613843892e1	7.987763511656508e-46
1.0244298732786321e1	7.937298328435707e-46
1.025196385172875e1	7.886075515053218e-46
1.0259628970671178e1	7.83412434368855e-46
1.0267294089613607e1	7.781473799787247e-46
1.0274959208556036e1	7.728152572842596e-46
1.0282624327498464e1	7.674189047610363e-46
1.0290289446440893e1	7.619611295751065e-46
1.0297954565383321e1	7.564447067894558e-46
1.030561968432575e1	7.508723786121026e-46
1.0313284803268179e1	7.452468536852575e-46
1.0320949922210607e1	7.395708064149319e-46
1.0328615041153036e1	7.338468763403719e-46
1.0336280160095464e1	7.280776675426624e-46
1.0343945279037893e1	7.222657480918556e-46
1.0351610397980322e1	7.16413649531949e-46
1.0366940635865179e1	7.045988557998253e-46
1.0382270873750036e1	6.926527909328465e-46
1.0397601111634893e1	6.8059434823806596e-46
1.041293134951975e1	6.6844179951611404e-46
1.0428261587404608e1	6.562127869267452e-46
1.0443591825289465e1	6.439243168601173e-46
1.0458922063174322e1	6.315927557171706e-46
1.0489582538944035e1	6.068626131284659e-46
1.0520243014713747e1	5.821404415384494e-46
1.0535573252598605e1	5.6981644650881805e-46
1.0550903490483462e1	5.5753409881632505e-46
1.0566233728368319e1	5.45305306794658e-46
1.0581563966253176e1	5.331413621648371e-46
1.0596894204138033e1	5.2105294868427966e-46
1.0604559323080462e1	5.1504024090867304e-46
1.061222444202289e1	5.090501517681358e-46
1.061988956096532e1	5.030838501730227e-46
1.0627554679907748e1	4.971424689956434e-46
1.0635219798850176e1	4.912271054414983e-46
1.0642884917792605e1	4.8533882143125735e-46
1.0650550036735034e1	4.79478643992887e-46
1.0658215155677462e1	4.736475656633502e-46
1.066588027461989e1	4.67846544899303e-46
1.067354539356232e1	4.620765064962304e-46
1.0681210512504748e1	4.5633834201547766e-46
1.0688875631447177e1	4.506329102186365e-46
1.0696540750389605e1	4.449610375087661e-46
1.0704205869332034e1	4.393235183779329e-46
1.0711870988274462e1	4.3372111586057146e-46
1.0719536107216891e1	4.281545619921754e-46
1.072720122615932e1	4.226245582728459e-46
1.0734866345101748e1	4.171317761352245e-46
1.0742531464044177e1	4.116768574163675e-46
1.0750196582986606e1	4.0626041483311195e-46
1.0757861701929034e1	4.008830324605073e-46
1.0765526820871463e1	3.9554526621289576e-46
1.0773191939813891e1	3.902476443272356e-46
1.078085705875632e1	3.849906678482678e-46
1.0788522177698749e1	3.7977481111515376e-46
1.0796187296641177e1	3.746005222492015e-46
1.0803852415583606e1	3.6946822364233015e-46
1.0811517534526034e1	3.6437831244591846e-46
1.0819182653468463e1	3.593311610597044e-46
1.0826847772410892e1	3.543271176204074e-46
1.083451289135332e1	3.493665064897612e-46
1.0842178010295749e1	3.444496287416497e-46
1.0849843129238177e1	3.3957676264805833e-46
1.0857508248180606e1	3.3474816416355485e-46
1.0865173367123035e1	3.2996406740802814e-46
1.0872838486065463e1	3.2522468514742655e-46
1.0880503605007892e1	3.2053020927224247e-46
1.088816872395032e1	3.15880811273503e-46
1.0895833842892749e1	3.11276642716036e-46
1.0903498961835178e1	3.06717835708791e-46
1.0911164080777606e1	3.0220450337200304e-46
1.0918829199720035e1	2.977367403009982e-46
1.0926494318662463e1	2.9331462302644537e-46
1.0934159437604892e1	2.889382104708773e-46
1.0937991997076105e1	2.8676715717274402e-46
1.0941824556547319e1	2.846075444012986e-46
1.0945657116018532e1	2.824593747704534e-46
1.0949489675489746e1	2.8032264987773735e-46
1.095332223496096e1	2.7819737031807834e-46
1.0957154794432173e1	2.7608353569751628e-46
1.0960987353903386e1	2.7398114464684578e-46
1.09648199133746e1	2.7189019483518795e-46
1.0968652472845813e1	2.6981068298348788e-46
1.0972485032317026e1	2.6774260487793907e-46
1.097631759178824e1	2.656859553833335e-46
1.0980150151259453e1	2.6364072845633594e-46
1.0983982710730666e1	2.6160691715868164e-46
1.098781527020188e1	2.595845136702966e-46
1.0991647829673093e1	2.5757350930233968e-46
1.0995480389144307e1	2.555738945101656e-46
1.099931294861552e1	2.535856589062088e-46
1.1003145508086734e1	2.516087912727857e-46
1.1006978067557947e1	2.4964327957481715e-46
1.101081062702916e1	2.47689110972467e-46
1.1014643186500374e1	2.4574627183369957e-46
1.1018475745971587e1	2.438147477467536e-46
1.10223083054428e1	2.41894523532531e-46
1.1026140864914014e1	2.399855832569036e-46
1.1029973424385227e1	2.3808791024293194e-46
1.103380598385644e1	2.3620148708300067e-46
1.1037638543327654e1	2.3432629565086737e-46
1.1041471102798868e1	2.324623171136235e-46
1.1045303662270081e1	2.3060953194356995e-46
1.1049136221741295e1	2.2876791993000413e-46
1.1052968781212508e1	2.26937460190919e-46
1.1056801340683721e1	2.2511813118461494e-46
1.1060633900154935e1	2.2330991072122117e-46
1.1064466459626148e1	2.2151277597412992e-46
1.1068299019097362e1	2.1972670349133918e-46
1.1072131578568575e1	2.1795166920670773e-46
1.1075964138039788e1	2.1618764845111878e-46
1.1079796697511002e1	2.14434615963554e-46
1.1083629256982215e1	2.1269254590207774e-46
1.1087461816453429e1	2.1096141185472825e-46
1.1091294375924642e1	2.092411868503203e-46
1.1095126935395855e1	2.0753184336915576e-46
1.1098959494867069e1	2.058333533536429e-46
1.1102792054338282e1	2.0414568821882415e-46
1.1106624613809496e1	2.024688188628123e-46
1.111045717328071e1	2.0080271567713588e-46
1.1114289732751923e1	1.991473485569912e-46
1.1118122292223136e1	1.975026869114044e-46
1.112195485169435e1	1.9586869967329978e-46
1.1125787411165563e1	1.9424535530947734e-46
1.1129619970636776e1	1.926326218304986e-46
1.113345253010799e1	1.9103046680047946e-46
1.1137285089579203e1	1.894388573467918e-46
1.1141117649050416e1	1.8785776016967314e-46
1.114495020852163e1	1.862871415517441e-46
1.1148782767992843e1	1.8472696736743438e-46
1.1152615327464057e1	1.83177203092317e-46
1.115644788693527e1	1.816378138123508e-46
1.1160280446406484e1	1.801087642330309e-46
1.1164113005877697e1	1.7859001868844872e-46
1.116794556534891e1	1.770815411502598e-46
1.1171778124820124e1	1.7558329523656114e-46
1.1175610684291337e1	1.7409524422067713e-46
1.117944324376255e1	1.726173510398547e-46
1.1183275803233764e1	1.7114957830386806e-46
1.1187108362704977e1	1.6969188830353245e-46
1.119094092217619e1	1.6824424301912828e-46
1.1194773481647404e1	1.6680660412873527e-46
1.1198606041118618e1	1.6537893301647625e-46
1.1202438600589831e1	1.6396119078067147e-46
1.1206271160061045e1	1.6255333824190425e-46
1.1210103719532258e1	1.6115533595099723e-46
1.1213936279003471e1	1.5976714419689966e-46
1.1217768838474685e1	1.5838872301448633e-46
1.1221601397945898e1	1.570200321922689e-46
1.1225433957417112e1	1.5566103128001866e-46
1.1229266516888325e1	1.5431167959630202e-46
1.1233099076359538e1	1.5297193623592879e-46
1.1236931635830752e1	1.5164176007731356e-46
1.1240764195301965e1	1.5032110978975073e-46
1.1244596754773179e1	1.4900994384060337e-46
1.1248429314244392e1	1.4770822050240558e-46
1.1252261873715605e1	1.4641589785988032e-46
1.1256094433186819e1	1.4513293381687193e-46
1.1259926992658032e1	1.4385928610319358e-46
1.1263759552129246e1	1.425949122813909e-46
1.126759211160046e1	1.4133976975342107e-46
1.1271424671071673e1	1.4009381576724957e-46
1.1275257230542886e1	1.388570074233628e-46
1.12790897900141e1	1.3762930168119845e-46
1.1282922349485313e1	1.3641065536549382e-46
1.1286754908956526e1	1.3520102517255205e-46
1.129058746842774e1	1.3400036767642708e-46
1.1294420027898953e1	1.3280863933502825e-46
1.1298252587370166e1	1.316257964961436e-46
1.130208514684138e1	1.3045179540338359e-46
1.1305917706312593e1	1.2928659220204578e-46
1.1309750265783807e1	1.2813014294489955e-46
1.131358282525502e1	1.2698240359789313e-46
1.1317415384726234e1	1.2584333004578177e-46
1.1321247944197447e1	1.2471287809767884e-46
1.132508050366866e1	1.2359100349253e-46
1.1328913063139874e1	1.2247766190450964e-46
1.1332745622611087e1	1.2137280894834248e-46
1.13365781820823e1	1.2027640018454864e-46
1.1340410741553514e1	1.1918839112461437e-46
1.1344243301024727e1	1.181087372360871e-46
1.134807586049594e1	1.1703739394759756e-46
1.1351908419967154e1	1.1597431665380755e-46
1.1355740979438368e1	1.1491946072028476e-46
1.1359573538909581e1	1.138727814883054e-46
1.1363406098380795e1	1.1283423427958383e-46
1.1367238657852008e1	1.11803774400932e-46
1.1371071217323221e1	1.1078135714884692e-46
1.1374903776794435e1	1.0976693781402787e-46
1.1378736336265648e1	1.0876047168582414e-46
1.1382568895736862e1	1.0776191405661283e-46
1.1386401455208075e1	1.0677122022610823e-46
1.1390234014679288e1	1.0578834550560283e-46
1.1394066574150502e1	1.0481324522213991e-46
1.1397899133621715e1	1.038458747226199e-46
1.1401731693092929e1	1.028861893778394e-46
1.1405564252564142e1	1.0193414458646423e-46
1.1409396812035355e1	1.0098969577893699e-46
1.1413229371506569e1	1.0005279842131943e-46
1.1417061930977782e1	9.912340801907015e-47
1.1420894490448996e1	9.820148012075909e-47
1.142472704992021e1	9.72869703217175e-47
1.1428559609391423e1	9.637983426762611e-47
1.1432392168862636e1	9.548002765804027e-47
1.143622472833385e1	9.458750624985373e-47
1.1440057287805063e1	9.370222586070113e-47
1.1443889847276276e1	9.282414237229954e-47
1.144772240674749e1	9.19532117337305e-47
1.1451554966218703e1	9.10893899646617e-47
1.1455387525689916e1	9.023263315851056e-47
1.145922008516113e1	8.938289748554873e-47
1.1463052644632343e1	8.854013919594893e-47
1.1466885204103557e1	8.77043146227742e-47
1.147071776357477e1	8.687538018491086e-47
1.1474550323045984e1	8.60532923899445e-47
1.1478382882517197e1	8.523800783698085e-47
1.148221544198841e1	8.442948321941126e-47
1.1486048001459624e1	8.36276753276235e-47
1.1489880560930837e1	8.28325410516586e-47
1.149371312040205e1	8.204403738381434e-47
1.1497545679873264e1	8.126212142119514e-47
1.1501378239344477e1	8.048675036821025e-47
1.150521079881569e1	7.971788153901936e-47
1.1509043358286904e1	7.895547235992747e-47
1.1512875917758118e1	7.819948037172836e-47
1.1516708477229331e1	7.744986323199829e-47
1.1520541036700545e1	7.670657871733942e-47
1.1524373596171758e1	7.596958472557449e-47
1.1528206155642971e1	7.523883927789238e-47
1.1532038715114185e1	7.451430052094558e-47
1.1535871274585398e1	7.379592672890055e-47
1.1539703834056612e1	7.308367630544002e-47
1.1543536393527825e1	7.237750778571954e-47
1.1547368952999038e1	7.167737983827743e-47
1.1551201512470252e1	7.098325126689937e-47
1.1555034071941465e1	7.029508101243807e-47
1.1558866631412679e1	6.961282815458809e-47
1.1562699190883892e1	6.893645191361693e-47
1.1566531750355106e1	6.826591165205242e-47
1.1570364309826319e1	6.760116687632741e-47
1.1574196869297532e1	6.694217723838149e-47
1.1578029428768746e1	6.628890253722125e-47
1.158186198823996e1	6.564130272043858e-47
1.1585694547711173e1	6.499933788568842e-47
1.1589527107182386e1	6.436296828212559e-47
1.15933596666536e1	6.373215431180194e-47
1.1597192226124813e1	6.310685653102385e-47
1.1601024785596026e1	6.24870356516706e-47
1.160485734506724e1	6.187265254247441e-47
1.1608689904538453e1	6.126366823026248e-47
1.1612522464009666e1	6.066004390116101e-47
1.161635502348088e1	6.006174090176274e-47
1.1620187582952093e1	5.946872074025731e-47
1.1624020142423307e1	5.888094508752559e-47
1.162785270189452e1	5.829837577819866e-47
1.1631685261365734e1	5.772097481168114e-47
1.1635517820836947e1	5.714870435314006e-47
1.163935038030816e1	5.658152673445924e-47
1.1643182939779374e1	5.60194044551599e-47
1.1647015499250587e1	5.546230018328771e-47
1.16508480587218e1	5.491017675626734e-47
1.1654680618193014e1	5.436299718172388e-47
1.1658513177664227e1	5.382072463827283e-47
1.166234573713544e1	5.328332247627794e-47
1.1666178296606654e1	5.275075421857819e-47
1.1670010856077868e1	5.222298356118417e-47
1.1673843415549081e1	5.169997437394361e-47
1.1677675975020295e1	5.118169070117749e-47
1.1681508534491508e1	5.0668096762286495e-47
1.1685341093962721e1	5.015915695232868e-47
1.1689173653433935e1	4.965483584256817e-47
1.1693006212905148e1	4.915509818099602e-47
1.1696838772376362e1	4.865990889282275e-47
1.1700671331847575e1	4.816923308094411e-47
1.1704503891318788e1	4.768303602637958e-47
1.1708336450790002e1	4.720128318868421e-47
1.1712169010261215e1	4.672394020633436e-47
1.1716001569732429e1	4.625097289708795e-47
1.1719834129203642e1	4.578234725831891e-47
1.1723666688674856e1	4.531802946732675e-47
1.1727499248146069e1	4.485798588162167e-47
1.1731331807617282e1	4.440218303918538e-47
1.1735164367088496e1	4.395058765870795e-47
1.173899692655971e1	4.3503166639801372e-47
1.1742829486030923e1	4.305988706318992e-47
1.1746662045502136e1	4.262071619087773e-47
1.175049460497335e1	4.2185621466294217e-47
1.1754327164444563e1	4.175457051441728e-47
1.1758159723915776e1	4.1327531141875086e-47
1.176199228338699e1	4.090447133702628e-47
1.1765824842858203e1	4.048535927001952e-47
1.1769657402329416e1	4.007016329283245e-47
1.177348996180063e1	3.9658851939290196e-47
1.1777322521271843e1	3.9251393925064237e-47
1.1781155080743057e1	3.8847758147651507e-47
1.178498764021427e1	3.844791368633446e-47
1.1788820199685484e1	3.8051829802122264e-47
1.1792652759156697e1	3.7659475937673274e-47
1.179648531862791e1	3.7270821717199454e-47
1.1800317878099124e1	3.688583694635284e-47
1.1804150437570337e1	3.6504491612094437e-47
1.180798299704155e1	3.612675588254584e-47
1.1811815556512764e1	3.5752600106823926e-47
1.1815648115983977e1	3.5381994814858884e-47
1.181948067545519e1	3.5014910717196036e-47
1.1823313234926404e1	3.4651318704781414e-47
1.1827145794397618e1	3.429118984873195e-47
1.1830978353868831e1	3.393449540008995e-47
1.1834810913340045e1	3.3581206789562505e-47
1.1838643472811258e1	3.3231295627246253e-47
1.1842476032282471e1	3.28847337023373e-47
1.1846308591753685e1	3.2541492982827188e-47
1.1850141151224898e1	3.220154561518465e-47
1.1853973710696112e1	3.186486392402374e-47
1.1857806270167325e1	3.1531420411758612e-47
1.1861638829638538e1	3.1201187758245114e-47
1.1865471389109752e1	3.0874138820409507e-47
1.1869303948580965e1	3.0550246631864517e-47
1.1873136508052179e1	3.022948440251305e-47
1.1876969067523392e1	2.9911825518139935e-47
1.1880801626994606e1	2.959724353999172e-47
1.1884634186465819e1	2.928571220434498e-47
1.1888466745937032e1	2.897720542206327e-47
1.1892299305408246e1	2.8671697278143e-47
1.189613186487946e1	2.8369162031248485e-47
1.1899964424350673e1	2.80695741132364e-47
1.1903796983821886e1	2.7772908128669973e-47
1.19076295432931e1	2.7479138854322965e-47
1.1911462102764313e1	2.718824123867389e-47
1.1915294662235526e1	2.6900190401390574e-47
1.191912722170674e1	2.6614961632805183e-47
1.1922959781177953e1	2.633253039338028e-47
1.1926792340649166e1	2.605287231316578e-47
1.193062490012038e1	2.577596319124718e-47
1.1934457459591593e1	2.5501778995185343e-47
1.1938290019062807e1	2.5230295860447884e-47
1.194212257853402e1	2.4961490089832508e-47
1.1945955138005234e1	2.46953381528825e-47
1.1949787697476447e1	2.443181668529451e-47
1.195362025694766e1	2.417090248831884e-47
1.1957452816418874e1	2.3912572528152473e-47
1.1961285375890087e1	2.36568039353251e-47
1.19651179353613e1	2.3403574004078185e-47
1.1968950494832514e1	2.315286019173732e-47
1.1972783054303727e1	2.2904640118078236e-47
1.197661561377494e1	2.2658891564686405e-47
1.1980448173246154e1	2.241559247431045e-47
1.1984280732717368e1	2.217472095020984e-47
1.1988113292188581e1	2.1936255255496653e-47
1.1991945851659795e1	2.1700173812471826e-47
1.1995778411131008e1	2.1466455201955997e-47
1.1999610970602221e1	2.1235078162615138e-47
1.2003443530073435e1	2.1006021590281062e-47
1.2007276089544648e1	2.077926453726718e-47
1.2011108649015862e1	2.0554786211679448e-47
1.2014941208487075e1	2.033256597672272e-47
1.2018773767958288e1	2.01125833500028e-47
1.2022606327429502e1	1.9894818002824246e-47
1.2026438886900715e1	1.9679249759484004e-47
1.2030271446371929e1	1.9465858596561206e-47
1.2034104005843142e1	1.9254624642203184e-47
1.2037936565314356e1	1.9045528175407821e-47
1.2041769124785569e1	1.883854962530246e-47
1.2045601684256782e1	1.863366957041946e-47
1.2049434243727996e1	1.8430868737968624e-47
1.205326680319921e1	1.8230128003106466e-47
1.2057099362670423e1	1.80314283882027e-47
1.2060931922141636e1	1.783475106210386e-47
1.206476448161285e1	1.7640077339394388e-47
1.2068597041084063e1	1.7447388679655089e-47
1.2072429600555276e1	1.7256666686719294e-47
1.207626216002649e1	1.7067893107926763e-47
1.2080094719497703e1	1.6881049833375471e-47
1.2083927278968916e1	1.6696118895171377e-47
1.208775983844013e1	1.6513082466676389e-47
1.2091592397911343e1	1.6331922861754486e-47
1.2095424957382557e1	1.6152622534016231e-47
1.209925751685377e1	1.5975164076061809e-47
1.2103090076324984e1	1.579953021872262e-47
1.2106922635796197e1	1.5625703830301622e-47
1.211075519526741e1	1.5453667915812427e-47
1.2114587754738624e1	1.528340561621739e-47
1.2118420314209837e1	1.5114900207664664e-47
1.212225287368105e1	1.4948135100724438e-47
1.2126085433152264e1	1.478309383962445e-47
1.2129917992623477e1	1.4619760101484788e-47
1.2133750552094691e1	1.4458117695552152e-47
1.2137583111565904e1	1.4298150562433657e-47
1.2141415671037118e1	1.4139842773330275e-47
1.2145248230508331e1	1.3983178529270007e-47
1.2149080789979545e1	1.3828142160340845e-47
1.2152913349450758e1	1.3674718124923726e-47
1.2156745908921971e1	1.3522891008925422e-47
1.2160578468393185e1	1.3372645525011532e-47
1.2164411027864398e1	1.3223966511839662e-47
1.2168243587335612e1	1.3076838933292884e-47
1.2172076146806825e1	1.2931247877713509e-47
1.2175908706278038e1	1.2787178557137284e-47
1.2179741265749252e1	1.264461630652813e-47
1.2183573825220465e1	1.2503546583013435e-47
1.2187406384691679e1	1.2363954965119994e-47
1.2191238944162892e1	1.2225827152010702e-47
1.2195071503634106e1	1.2089148962722048e-47
1.2198904063105319e1	1.1953906335402476e-47
1.2202736622576532e1	1.1820085326551764e-47
1.2206569182047746e1	1.1687672110261323e-47
1.221040174151896e1	1.1556652977455627e-47
1.2214234300990173e1	1.1427014335134787e-47
1.2218066860461386e1	1.1298742705618384e-47
1.22218994199326e1	1.1171824725790548e-47
1.2225731979403813e1	1.104624714634636e-47
1.2229564538875026e1	1.092199683103969e-47
1.223339709834624e1	1.0799060755932488e-47
1.2237229657817453e1	1.067742600864562e-47
1.2241062217288667e1	1.0557079787611232e-47
1.224489477675988e1	1.0438009401326765e-47
1.2248727336231093e1	1.0320202267610717e-47
1.2252559895702307e1	1.0203645912860066e-47
1.225639245517352e1	1.008832797130951e-47
1.2260225014644734e1	9.974236184292587e-48
1.2264057574115947e1	9.861358399504654e-48
1.226789013358716e1	9.7496825702678e-48
1.2271722693058374e1	9.639196754797765e-48
1.2275555252529587e1	9.529889115472897e-48
1.22793878120008e1	9.421747918105182e-48
1.2283220371472014e1	9.314761531213403e-48
1.2287052930943227e1	9.208918425298432e-48
1.2290885490414441e1	9.104207172120777e-48
1.2294718049885654e1	9.000616443980347e-48
1.2298550609356868e1	8.89813501299852e-48
1.2302383168828081e1	8.796751750402496e-48
1.2306215728299295e1	8.696455625812066e-48
1.2310048287770508e1	8.597235706528743e-48
1.2313880847241721e1	8.499081156827341e-48
1.2317713406712935e1	8.40198123725004e-48
1.2321545966184148e1	8.305925303902883e-48
1.2325378525655362e1	8.210902807754883e-48
1.2329211085126575e1	8.116903293939662e-48
1.2333043644597788e1	8.023916401059689e-48
1.2336876204069002e1	7.931931860493114e-48
1.2340708763540215e1	7.840939495703314e-48
1.2344541323011429e1	7.750929221551052e-48
1.2348373882482642e1	7.661891043609405e-48
1.2352206441953856e1	7.57381505748137e-48
1.2356039001425069e1	7.486691448120257e-48
1.2359871560896282e1	7.400510489152872e-48
1.2363704120367496e1	7.315262542205464e-48
1.236753667983871e1	7.230938056232556e-48
1.2371369239309923e1	7.147527566848564e-48
1.2375201798781136e1	7.065021695662342e-48
1.237903435825235e1	6.983411149614574e-48
1.2382866917723563e1	6.902686720318119e-48
1.2386699477194776e1	6.82283928340122e-48
1.239053203666599e1	6.743859797853724e-48
1.2394364596137203e1	6.665739305376212e-48
1.2398197155608417e1	6.588468929732144e-48
1.240202971507963e1	6.512039876102985e-48
1.2405862274550843e1	6.436443430446328e-48
1.2409694834022057e1	6.361670958857058e-48
1.241352739349327e1	6.287713906931557e-48
1.2417359952964484e1	6.214563799134928e-48
1.2421192512435697e1	6.142212238171288e-48
1.242502507190691e1	6.070650904357175e-48
1.2428857631378124e1	5.99987155499797e-48
1.2432690190849337e1	5.929866023767479e-48
1.243652275032055e1	5.860626220090589e-48
1.2440355309791764e1	5.792144128529009e-48
1.2444187869262977e1	5.72441180817018e-48
1.2448020428734191e1	5.657421392019274e-48
1.2451852988205404e1	5.591165086394347e-48
1.2455685547676618e1	5.525635170324645e-48
1.2459518107147831e1	5.460823994952022e-48
1.2463350666619045e1	5.3967239829355384e-48
1.2467183226090258e1	5.3333276278592117e-48
1.2471015785561471e1	5.2706274936429195e-48
1.2474848345032685e1	5.208616213956486e-48
1.2478680904503898e1	5.147286491636915e-48
1.2482513463975112e1	5.086631098108817e-48
1.2486346023446325e1	5.026642872808001e-48
1.2490178582917538e1	4.967314722608224e-48
1.2494011142388752e1	4.908639621251147e-48
1.2497843701859965e1	4.850610608779453e-48
1.2501676261331179e1	4.793220790973149e-48
1.2505508820802392e1	4.736463338789033e-48
1.2509341380273606e1	4.6803314878033445e-48
1.2513173939744819e1	4.6248185376576124e-48
1.2517006499216032e1	4.5699178515076344e-48
1.2520839058687246e1	4.515622855475666e-48
1.252467161815846e1	4.461927038105766e-48
1.2528504177629673e1	4.408823949822304e-48
1.2532336737100886e1	4.3563072023916454e-48
1.25361692965721e1	4.304370468386987e-48
1.2540001856043313e1	4.2530074806563397e-48
1.2543834415514526e1	4.2022120317937024e-48
1.254766697498574e1	4.1519779736133217e-48
1.2551499534456953e1	4.102299216627155e-48
1.2555332093928167e1	4.053169729525428e-48
1.255916465339938e1	4.0045835386603506e-48
1.2562997212870593e1	3.956534727532933e-48
1.2566829772341807e1	3.909017436282946e-48
1.257066233181302e1	3.862025861181971e-48
1.2574494891284234e1	3.815554254129559e-48
1.2578327450755447e1	3.7695969221524956e-48
1.258216001022666e1	3.724148226907143e-48
1.2585992569697874e1	3.679202584184866e-48
1.2589825129169087e1	3.634754463420543e-48
1.25936576886403e1	3.590798387204116e-48
1.2597490248111514e1	3.5473289307952044e-48
1.2601322807582727e1	3.504340721640778e-48
1.2605155367053941e1	3.461828438895835e-48
1.2608987926525154e1	3.419786812947134e-48
1.2612820485996368e1	3.378210624939933e-48
1.2616653045467581e1	3.337094706307711e-48
1.2620485604938795e1	3.2964339383049114e-48
1.2624318164410008e1	3.25622325154266e-48
1.2628150723881221e1	3.2164576255274384e-48
1.2631983283352435e1	3.177132088202733e-48
1.2635815842823648e1	3.138241715493625e-48
1.2639648402294862e1	3.0997816308543273e-48
1.2643480961766075e1	3.0617470048186165e-48
1.2647313521237288e1	3.0241330545532134e-48
1.2651146080708502e1	2.9869350434140313e-48
1.2654978640179715e1	2.950148280505325e-48
1.2658811199650929e1	2.9137681202417084e-48
1.2662643759122142e1	2.877789961913023e-48
1.2666476318593356e1	2.842209249252069e-48
1.2670308878064569e1	2.807021470005153e-48
1.2674141437535782e1	2.7722221555054493e-48
1.2677973997006996e1	2.737806880249182e-48
1.268180655647821e1	2.7037712614745805e-48
1.2685639115949423e1	2.6701109587436167e-48
1.2689471675420636e1	2.6368216735265048e-48
1.269330423489185e1	2.6038991487889337e-48
1.2697136794363063e1	2.5713391685820332e-48
1.2700969353834276e1	2.5391375576350657e-48
1.270480191330549e1	2.507290180950807e-48
1.2708634472776703e1	2.47579294340361e-48
1.2712467032247917e1	2.4446417893401393e-48
1.271629959171913e1	2.4138327021827517e-48
1.2720132151190343e1	2.3833617040355175e-48
1.2723964710661557e1	2.3532248552928632e-48
1.272779727013277e1	2.3234182542508122e-48
1.2731629829603984e1	2.293938036720812e-48
1.2735462389075197e1	2.2647803756461352e-48
1.273929494854641e1	2.235941480720831e-48
1.2743127508017624e1	2.2074175980112106e-48
1.2746960067488837e1	2.1792050095798633e-48
1.275079262696005e1	2.1513000331121526e-48
1.2754625186431264e1	2.1236990215452163e-48
1.2758457745902477e1	2.0963983626994244e-48
1.2762290305373691e1	2.069394478912296e-48
1.2766122864844904e1	2.0426838266748347e-48
1.2769955424316118e1	2.0162628962702862e-48
1.2773787983787331e1	1.9901282114152846e-48
1.2777620543258545e1	1.964276328903394e-48
1.2781453102729758e1	1.9387038382509898e-48
1.2785285662200971e1	1.9134073613454937e-48
1.2789118221672185e1	1.888383552095924e-48
1.2792950781143398e1	1.863629096085759e-48
1.2796783340614612e1	1.8391407102280847e-48
1.2800615900085825e1	1.8149151424230047e-48
1.2804448459557038e1	1.7909491712173027e-48
1.2808281019028252e1	1.7672396054663354e-48
1.2812113578499465e1	1.7437832839981356e-48
1.2815946137970679e1	1.7205770752797072e-48
1.2819778697441892e1	1.6976178770854892e-48
1.2823611256913106e1	1.6749026161679832e-48
1.2827443816384319e1	1.6524282479305046e-48
1.2831276375855532e1	1.630191756102052e-48
1.2835108935326746e1	1.6081901524142696e-48
1.283894149479796e1	1.586420476280494e-48
1.2842774054269173e1	1.564879794476848e-48
1.2846606613740386e1	1.543565200825366e-48
1.28504391732116e1	1.522473815879154e-48
1.2854271732682813e1	1.5016027866095236e-48
1.2858104292154026e1	1.480949286095121e-48
1.286193685162524e1	1.4605105132129963e-48
1.2865769411096453e1	1.440283692331623e-48
1.2869601970567667e1	1.4202660730058267e-48
1.287343453003888e1	1.4004549296736058e-48
1.2877267089510093e1	1.3808475613548313e-48
1.2881099648981307e1	1.3614412913518029e-48
1.288493220845252e1	1.3422334669516339e-48
1.2888764767923734e1	1.3232214591304532e-48
1.2892597327394947e1	1.3044026622593987e-48
1.289642988686616e1	1.2857744938123848e-48
1.2900262446337374e1	1.2673343940756153e-48
1.2904095005808587e1	1.2490798258588297e-48
1.29079275652798e1	1.2310082742082622e-48
1.2911760124751014e1	1.2131172461212807e-48
1.2915592684222228e1	1.1954042702627026e-48
1.2919425243693441e1	1.1778668966827444e-48
1.2923257803164654e1	1.1605026965366067e-48
1.2927090362635868e1	1.1433092618056561e-48
1.2930922922107081e1	1.1262842050201891e-48
1.2934755481578295e1	1.1094251589837566e-48
1.2938588041049508e1	1.0927297764990303e-48
1.2942420600520721e1	1.0761957300951798e-48
1.2946253159991935e1	1.0598207117567488e-48
1.2950085719463148e1	1.0436024326540077e-48
1.2953918278934362e1	1.0275386228747482e-48
1.2957750838405575e1	1.0116270311575181e-48
1.2961583397876788e1	9.958654246262564e-49
1.2965415957348002e1	9.802515885263194e-49
1.2969248516819215e1	9.647833259618638e-49
1.2973081076290429e1	9.494584576345763e-49
1.2976913635761642e1	9.342748215837222e-49
1.2980746195232856e1	9.192302729274863e-49
1.2984578754704069e1	9.043226836055914e-49
1.2988411314175282e1	8.895499421231674e-49
1.2992243873646496e1	8.749099532958484e-49
1.299607643311771e1	8.604006379960767e-49
1.2999908992588923e1	8.460199329005929e-49
1.3003741552060136e1	8.317657902390838e-49
1.300757411153135e1	8.176361775439686e-49
1.3011406671002563e1	8.03629077401299e-49
1.3015239230473776e1	7.897424872027548e-49
1.301907178994499e1	7.759744188987032e-49
1.3022904349416203e1	7.623228987523065e-49
1.3026736908887417e1	7.487859670946505e-49
1.303056946835863e1	7.353616780808721e-49
1.3034402027829843e1	7.220480994472624e-49
1.3038234587301057e1	7.088433122693206e-49
1.304206714677227e1	6.957454107207362e-49
1.3045899706243484e1	6.8275250183327304e-49
1.3049732265714697e1	6.6986270525753635e-49
1.305356482518591e1	6.5707415302459464e-49
1.3057397384657124e1	6.443849893084332e-49
1.3061229944128337e1	6.317933701892173e-49
1.306506250359955e1	6.1929746341733644e-49
1.3068895063070764e1	6.068954481782098e-49
1.3072727622541978e1	5.945855148578256e-49
1.3076560182013191e1	5.823658648089898e-49
1.3080392741484404e1	5.702347101182628e-49
1.3084225300955618e1	5.581902733735552e-49
1.3088057860426831e1	5.462307874323575e-49
1.3091890419898045e1	5.343544951905851e-49
1.3095722979369258e1	5.2255964935200484e-49
1.3099555538840471e1	5.108445121982234e-49
1.3103388098311685e1	4.9920735535920994e-49
1.3107220657782898e1	4.876464595843298e-49
1.3111053217254112e1	4.7616011451386146e-49
1.3114885776725325e1	4.6474661845096896e-49
1.3118718336196538e1	4.534042781341102e-49
1.3122550895667752e1	4.421314085098488e-49
1.3126383455138965e1	4.309263325060482e-49
1.3130216014610179e1	4.197873808054162e-49
1.3134048574081392e1	4.087128916193812e-49
1.3137881133552606e1	3.977012104622643e-49
1.3141713693023819e1	3.8675068992572894e-49
1.3145546252495032e1	3.758596894534756e-49
1.3149378811966246e1	3.650265751161585e-49
1.315321137143746e1	3.542497193864941e-49
1.3157043930908673e1	3.435275009145344e-49
1.3160876490379886e1	3.3285830430308037e-49
1.31647090498511e1	3.22240519883204e-49
1.3168541609322313e1	3.1167254348985367e-49
1.3172374168793526e1	3.0115277623751487e-49
1.317620672826474e1	2.9067962429589663e-49
1.3180039287735953e1	2.8025149866561583e-49
1.3183871847207167e1	2.698668149538527e-49
1.318770440667838e1	2.5952399314994605e-49
1.3191536966149593e1	2.4922145740090174e-49
1.3195369525620807e1	2.389576357867826e-49
1.319920208509202e1	2.287309600959545e-49
1.3203034644563234e1	2.185398656001544e-49
1.3206867204034447e1	2.0838279082935423e-49
1.321069976350566e1	1.9825817734639068e-49
1.3214532322976874e1	1.881644695213285e-49
1.3218364882448087e1	1.7810011430552907e-49
1.32221974419193e1	1.680635610053925e-49
1.3226030001390514e1	1.58053261055744e-49
1.3229862560861728e1	1.4806766779283228e-49
1.3233695120332941e1	1.3810523622690926e-49
1.3237527679804154e1	1.281644228143598e-49
1.3241360239275368e1	1.1824368522935017e-49
1.3245192798746581e1	1.0834148213496257e-49
1.3249025358217795e1	9.845627295378462e-50
1.3252857917689008e1	8.85865176379207e-50
1.3256690477160221e1	7.873067643839246e-50
1.3260523036631435e1	6.888720967389674e-50
1.3264355596102648e1	5.90545774988864e-50
1.3268188155573862e1	4.923123967094169e-50
1.3272020715045075e1	3.9415655317398027e-50
1.3275853274516288e1	2.960628270119654e-50
1.3279685833987502e1	1.980157898592288e-50
1.3283518393458715e1	1e-50