position	wave function
6.501285361906634e0	1.9444636072081986e-57
6.502999177782145e0	3.8839580860523845e-57
6.504712993657657e0	5.833201540173402e-57
6.506426809533169e0	7.797034081710013e-57
6.50814062540868e0	9.780296277079374e-57
6.509854441284192e0	1.178784096218207e-56
6.511568257159704e0	1.382454491226008e-56
6.5132820730352154e0	1.5895320396232135e-56
6.514995888910727e0	1.8005126644403758e-56
6.516709704786239e0	2.0158981257607166e-56
6.5184235206617505e0	2.236197158506817e-56
6.520137336537262e0	2.461926609761433e-56
6.521851152412774e0	2.6936125782232e-56
6.5235649682882855e0	2.9317915583443563e-56
6.525278784163797e0	3.177011591650668e-56
6.526992600039309e0	3.4298334277033527e-56
6.5287064159148205e0	3.690831697128308e-56
6.530420231790332e0	3.9605960991099936e-56
6.532134047665844e0	4.239732605724044e-56
6.5338478635413555e0	4.52886468546608e-56
6.535561679416867e0	4.828634548321659e-56
6.537275495292379e0	5.139704414715952e-56
6.5389893111678905e0	5.462757810679145e-56
6.540703127043402e0	5.798500891567076e-56
6.542416942918914e0	6.147663796683096e-56
6.5441307587944255e0	6.51100203715998e-56
6.545844574669937e0	6.889297919476207e-56
6.547558390545449e0	7.283362007001717e-56
6.5492722064209605e0	7.694034621993254e-56
6.550986022296472e0	8.1221873904873e-56
6.552699838171984e0	8.568724832572078e-56
6.5544136540474955e0	9.034586000557024e-56
6.556127469923007e0	9.52074616759805e-56
6.557841285798519e0	1.0028218569381728e-55
6.5595551016740306e0	1.0558056201520003e-55
6.561268917549542e0	1.1111353675358818e-55
6.562982733425054e0	1.1689249134960232e-55
6.564696549300566e0	1.2292926238076125e-55
6.566410365176077e0	1.2923616203997168e-55
6.568124181051589e0	1.3582599931224553e-55
6.569837996927101e0	1.4271210187985524e-55
6.571551812802612e0	1.4990833878687015e-55
6.573265628678124e0	1.5742914389479284e-55
6.574979444553636e0	1.6528954016185302e-55
6.576693260429147e0	1.7350516477935168e-55
6.578407076304659e0	1.8209229519936528e-55
6.580120892180171e0	1.9106787608904048e-55
6.581834708055682e0	2.0044954724768265e-55
6.583548523931194e0	2.1025567252386614e-55
6.585262339806706e0	2.2050536977083777e-55
6.586976155682217e0	2.31218541879577e-55
6.588689971557729e0	2.424159089300181e-55
6.590403787433241e0	2.541190415021006e-55
6.592117603308752e0	2.663503951895479e-55
6.593831419184264e0	2.7913334636052804e-55
6.595545235059776e0	2.924922292106455e-55
6.597259050935287e0	3.0645237415507842e-55
6.598972866810799e0	3.210401476080409e-55
6.600686682686311e0	3.3628299319923585e-55
6.602400498561822e0	3.522094744783896e-55
6.604114314437334e0	3.688493191605386e-55
6.605828130312846e0	3.862334649663023e-55
6.607541946188357e0	4.0439410711301714e-55
6.609255762063869e0	4.2336474751426994e-55
6.610969577939381e0	4.431802457471182e-55
6.612683393814892e0	4.638768718480715e-55
6.614397209690404e0	4.8549236100073364e-55
6.616111025565916e0	5.080659701799195e-55
6.617824841441427e0	5.316385368189848e-55
6.619538657316939e0	5.562525395691566e-55
6.621252473192451e0	5.819521612216649e-55
6.622966289067962e0	6.0878335386564436e-55
6.624680104943474e0	6.367939063569456e-55
6.626393920818986e0	6.660335141752457e-55
6.628107736694497e0	6.96553851749153e-55
6.629821552570009e0	7.28408647331398e-55
6.631535368445521e0	7.616537605086304e-55
6.633249184321032e0	7.963472624328732e-55
6.634963000196544e0	8.32549518864235e-55
6.636676816072056e0	8.703232761171537e-55
6.638390631947567e0	9.097337500051888e-55
6.640104447823079e0	9.508487178821472e-55
6.641818263698591e0	9.937386138802109e-55
6.643532079574102e0	1.0384766274487267e-54
6.645245895449614e0	1.0851388053002639e-54
6.646959711325126e0	1.133804156873754e-54
6.648673527200637e0	1.1845547634276578e-54
6.650387343076149e0	1.237475890879421e-54
6.652101158951661e0	1.2926561065108218e-54
6.653814974827172e0	1.3501873996622864e-54
6.655528790702684e0	1.410165306542769e-54
6.657242606578196e0	1.4726890392854373e-54
6.6589564224537074e0	1.5378616193831662e-54
6.660670238329219e0	1.6057900156416966e-54
6.662384054204731e0	1.6765852867920073e-54
6.6640978700802425e0	1.7503627289078318e-54
6.665811685955754e0	1.8272420277781438e-54
6.667525501831266e0	1.9073474163886785e-54
6.6692393177067775e0	1.990807837670961e-54
6.670953133582289e0	2.0777571126817674e-54
6.672666949457801e0	2.1683341143804008e-54
6.6743807653333125e0	2.2626829471759098e-54
6.676094581208824e0	2.360953132421183e-54
6.677808397084336e0	2.463299800035737e-54
6.6795222129598475e0	2.5698838864439068e-54
6.681236028835359e0	2.6808723390206215e-54
6.682949844710871e0	2.7964383272417553e-54
6.6846636605863825e0	2.916761460741917e-54
6.686377476461894e0	3.042028014487742e-54
6.688091292337406e0	3.1724311612805184e-54
6.6898051082129175e0	3.308171211807763e-54
6.691518924088429e0	3.449455862469421e-54
6.693232739963941e0	3.596500451210257e-54
6.6949465558394525e0	3.749528221596234e-54
6.696660371714964e0	3.908770595379275e-54
6.698374187590476e0	4.0744674538010316e-54
6.7000880034659875e0	4.246867427893167e-54
6.701801819341499e0	4.426228198038158e-54
6.703515635217011e0	4.6128168030622536e-54
6.7052294510925226e0	4.8069099591385695e-54
6.706943266968034e0	5.0087943887861335e-54
6.708657082843546e0	5.218767160258153e-54
6.710370898719058e0	5.437136037619985e-54
6.712084714594569e0	5.664219841825703e-54
6.713798530470081e0	5.900348823109747e-54
6.715512346345593e0	6.145865045018324e-54
6.717226162221104e0	6.40112278041375e-54
6.718939978096616e0	6.666488919793547e-54
6.720653793972128e0	6.942343392274446e-54
6.722367609847639e0	7.229079599600746e-54
6.724081425723151e0	7.527104863545403e-54
6.725795241598663e0	7.836840887081713e-54
6.727509057474174e0	8.158724229712821e-54
6.729222873349686e0	8.493206797355685e-54
6.730936689225198e0	8.840756347187436e-54
6.732650505100709e0	9.201857007869753e-54
6.734364320976221e0	9.577009815580236e-54
6.736078136851733e0	9.966733266287821e-54
6.737791952727244e0	1.0371563884721516e-53
6.739505768602756e0	1.0792056810492175e-53
6.741219584478268e0	1.1228786401838614e-53
6.742933400353779e0	1.1682346857480932e-53
6.744647216229291e0	1.2153352857075513e-53
6.746361032104803e0	1.2642440220777298e-53
6.748074847980314e0	1.3150266588429444e-53
6.749788663855826e0	1.367751211891051e-53
6.751502479731338e0	1.422488021018348e-53
6.753216295606849e0	1.4793098240603567e-53
6.754930111482361e0	1.5382918332054956e-53
6.756643927357873e0	1.5995118135500177e-53
6.758357743233384e0	1.6630501639539727e-53
6.760071559108896e0	1.7289900002594227e-53
6.761785374984408e0	1.7974172409334333e-53
6.763499190859919e0	1.8684206951998821e-53
6.765213006735431e0	1.9420921537257804e-53
6.766926822610943e0	2.018526481929044e-53
6.768640638486454e0	2.097821715976508e-53
6.770354454361966e0	2.1800791615422924e-53
6.772068270237478e0	2.2654034953983275e-53
6.773782086112989e0	2.3539028699106234e-53
6.775495901988501e0	2.4456890205164624e-53
6.777209717864013e0	2.5408773762591924e-53
6.778923533739524e0	2.6395871734594597e-53
6.780637349615036e0	2.7419415726030456e-53
6.782351165490548e0	2.848067778527665e-53
6.784064981366059e0	2.95809716399268e-53
6.785778797241571e0	3.0721653967175807e-53
6.787492613117083e0	3.1904125699771524e-53
6.789206428992594e0	3.3129833368429066e-53
6.790920244868106e0	3.4400270481627306e-53
6.792634060743618e0	3.5716978943722857e-53
6.794347876619129e0	3.708155051234122e-53
6.796061692494641e0	3.849562829602207e-53
6.797775508370153e0	3.9960908293120175e-53
6.799489324245664e0	4.147914097298337e-53
6.801203140121176e0	4.305213290045167e-53
6.802916955996688e0	4.468174840474188e-53
6.8046307718721994e0	4.636991129380927e-53
6.806344587747711e0	4.811860661529483e-53
6.808058403623223e0	4.992988246519769e-53
6.8097722194987345e0	5.180585184542993e-53
6.811486035374246e0	5.374869457143739e-53
6.813199851249758e0	5.57606592310971e-53
6.8149136671252695e0	5.78440651961245e-53
6.816627483000781e0	6.000130468725029e-53
6.818341298876293e0	6.223484489445117e-53
6.8200551147518045e0	6.454723015354905e-53
6.821768930627316e0	6.694108418051656e-53
6.823482746502828e0	6.941911236485725e-53
6.8251965623783395e0	7.198410412345058e-53
6.826910378253851e0	7.463893531629077e-53
6.828624194129363e0	7.738657072556458e-53
6.8303380100048745e0	8.023006659955419e-53
6.832051825880386e0	8.317257326286804e-53
6.833765641755898e0	8.621733779454979e-53
6.8354794576314095e0	8.93677067756291e-53
6.837193273506921e0	9.262712910771915e-53
6.838907089382433e0	9.599915890429162e-53
6.8406209052579445e0	9.948745845629882e-53
6.842334721133456e0	1.0309580127383911e-52
6.844048537008968e0	1.0682807520559742e-52
6.8457623528844795e0	1.1068828563782271e-52
6.847476168759991e0	1.1468055877464352e-52
6.849189984635503e0	1.188091450015568e-52
6.8509038005110146e0	1.2307842233395216e-52
6.852617616386526e0	1.2749289995258216e-52
6.854331432262038e0	1.3205722182791406e-52
6.85604524813755e0	1.367761704353366e-52
6.857759064013061e0	1.4165467056324543e-52
6.859472879888573e0	1.4669779321604763e-52
6.861186695764085e0	1.5191075961417625e-52
6.862900511639596e0	1.572989452932513e-52
6.864614327515108e0	1.628678843045448e-52
6.86632814339062e0	1.6862327351895598e-52
6.868041959266131e0	1.7457097703675293e-52
6.869755775141643e0	1.807170307053609e-52
6.871469591017155e0	1.870676467475276e-52
6.873183406892666e0	1.9362921850224025e-52
6.874897222768178e0	2.0040832528080444e-52
6.87661103864369e0	2.0741173734054715e-52
6.878324854519201e0	2.1464642097863627e-52
6.880038670394713e0	2.2211954374856305e-52
6.881752486270225e0	2.298384798018874e-52
6.883466302145736e0	2.378108153578667e-52
6.885180118021248e0	2.460443543036555e-52
6.88689393389676e0	2.545471239278015e-52
6.888607749772271e0	2.633273807898182e-52
6.890321565647783e0	2.723936167286447e-52
6.892035381523295e0	2.817545650128741e-52
6.893749197398806e0	2.914192066356592e-52
6.895463013274318e0	3.0139677675726623e-52
6.89717682914983e0	3.1169677129830707e-52
6.898890645025341e0	3.223289536866973e-52
6.900604460900853e0	3.333033617614786e-52
6.902318276776365e0	3.4463031483666024e-52
6.904032092651876e0	3.5632042092831585e-52
6.905745908527388e0	3.683845841482135e-52
6.9074597244029e0	3.8083401226729234e-52
6.909173540278411e0	3.936802244523964e-52
6.910887356153923e0	4.0693505917967725e-52
6.912601172029435e0	4.206106823281704e-52
6.914314987904946e0	4.347195954571013e-52
6.916028803780458e0	4.492746442705214e-52
6.91774261965597e0	4.642890272729372e-52
6.919456435531481e0	4.797763046196466e-52
6.921170251406993e0	4.957504071655827e-52
6.922884067282505e0	5.122256457164767e-52
6.924597883158016e0	5.292167204862487e-52
6.926311699033528e0	5.4673873076458855e-52
6.92802551490904e0	5.648071847987306e-52
6.9293108768156735e0	5.787266942630672e-52
6.931024692691185e0	5.977900078516389e-52
6.932738508566697e0	6.174446048174742e-52
6.9344523244422085e0	6.3770761878316834e-52
6.93616614031772e0	6.585966423196069e-52
6.937879956193232e0	6.80129738140465e-52
6.9395937720687435e0	7.02325450539638e-52
6.941307587944255e0	7.252028170761394e-52
6.943021403819767e0	7.487813805110145e-52
6.9447352196952785e0	7.730812010009098e-52
6.94644903557079e0	7.98122868553004e-52
6.948162851446302e0	8.239275157460736e-52
6.9498766673218135e0	8.505168307225206e-52
6.951590483197325e0	8.779130704562897e-52
6.953304299072837e0	9.061390743016266e-52
6.9550181149483485e0	9.35218277827739e-52
6.95673193082386e0	9.65174726944471e-52
6.958445746699372e0	9.960330923241796e-52
6.9601595625748836e0	1.0278186841250292e-51
6.961873378450395e0	1.0605574670211077e-51
6.963587194325907e0	1.0942760755446672e-51
6.965301010201419e0	1.1290018297460787e-51
6.96701482607693e0	1.1647627511768784e-51
6.968728641952442e0	1.2015875792016945e-51
6.970442457827954e0	1.239505787644673e-51
6.972156273703465e0	1.278547601776123e-51
6.973870089578977e0	1.318744015645263e-51
6.975583905454489e0	1.3601268097649917e-51
6.97729772133e0	1.4027285691546418e-51
6.979011537205512e0	1.446582701746828e-51
6.980725353081024e0	1.4917234571644684e-51
6.982439168956535e0	1.538185945874244e-51
6.984152984832047e0	1.5860061587227817e-51
6.985866800707559e0	1.635220986861896e-51
6.98758061658307e0	1.685868242069403e-51
6.989294432458582e0	1.7379866774719995e-51
6.991008248334094e0	1.791616008676795e-51
6.992722064209605e0	1.8467969353181958e-51
6.994435880085117e0	1.9035711630269586e-51
6.996149695960629e0	1.961981425828142e-51
6.99786351183614e0	2.0220715089750306e-51
6.999577327711652e0	2.0838862722258154e-51
7.001291143587164e0	2.1474716735704095e-51
7.003004959462675e0	2.2128747934143455e-51
7.004718775338187e0	2.28014385922701e-51
7.006432591213699e0	2.3493282706616236e-51
7.00814640708921e0	2.4204786251543427e-51
7.009860222964722e0	2.4936467440099488e-51
7.011574038840234e0	2.568885698981712e-51
7.013287854715745e0	2.6462498393531527e-51
7.015001670591257e0	2.725794819529247e-51
7.016715486466769e0	2.807577627145077e-51
7.01842930234228e0	2.891656611699705e-51
7.020143118217792e0	2.9780915137233817e-51
7.021856934093304e0	3.066943494485975e-51
7.023570749968815e0	3.1582751662549e-51
7.025284565844327e0	3.252150623110728e-51
7.026998381719839e0	3.348635472328817e-51
7.02871219759535e0	3.4477968663352434e-51
7.030426013470862e0	3.549703535245649e-51
7.032139829346374e0	3.654425819995449e-51
7.033853645221885e0	3.762035706070114e-51
7.035567461097397e0	3.872606857844317e-51
7.037281276972909e0	3.986214653538458e-51
7.03899509284842e0	4.1029362208018026e-51
7.040708908723932e0	4.222850472930909e-51
7.042422724599444e0	4.3460381457326147e-51
7.044136540474955e0	4.472581835040529e-51
7.045850356350467e0	4.602566034894437e-51
7.047564172225979e0	4.736077176391623e-51
7.04927798810149e0	4.8732036672198854e-51
7.050991803977002e0	5.014035931881262e-51
7.052705619852514e0	5.158666452616258e-51
7.054419435728025e0	5.3071898110380866e-51
7.056133251603537e0	5.459702730486862e-51
7.057847067479049e0	5.616304119113005e-51
7.0595608833545604e0	5.777095113700158e-51
7.061274699230072e0	5.942179124237243e-51
7.062988515105584e0	6.11166187925013e-51
7.0647023309810955e0	6.285651471902334e-51
7.066416146856607e0	6.464258406875396e-51
7.068129962732119e0	6.647595648038905e-51
7.0698437786076305e0	6.83577866692064e-51
7.071557594483142e0	7.028925491987209e-51
7.073271410358654e0	7.227156758745487e-51
7.0749852262341655e0	7.430595760675527e-51
7.076699042109677e0	7.639368501005617e-51
7.078412857985189e0	7.853603745339592e-51
7.0801266738607005e0	8.073433075148158e-51
7.081840489736212e0	8.298990942134139e-51
7.083554305611724e0	8.53041472348294e-51
7.0852681214872355e0	8.767844778009163e-51
7.086981937362747e0	9.011424503210352e-51
7.088695753238259e0	9.261300393238705e-51
7.0904095691137705e0	9.517622097802558e-51
7.092123384989282e0	9.780542482008074e-51
7.093837200864794e0	1.0050217687153186e-50
7.0955510167403055e0	1.0326807192484265e-50
7.097264832615817e0	1.0610473877927828e-50
7.098978648491329e0	1.0901384087808009e-50
7.1006924643668405e0	1.1199707695562033e-50
7.102406280242352e0	1.1505618169464607e-50
7.104120096117864e0	1.1819292639373079e-50
7.1058339119933756e0	1.214091196450539e-50
7.107547727868887e0	1.2470660802262265e-50
7.109261543744399e0	1.2808727678105308e-50
7.110975359619911e0	1.3155305056503336e-50
7.112689175495422e0	1.351058941295847e-50
7.114402991370934e0	1.3874781307123957e-50
7.116116807246446e0	1.4248085457025803e-50
7.117830623121957e0	1.4630710814400333e-50
7.119544438997469e0	1.5022870641160267e-50
7.121258254872981e0	1.5424782586999947e-50
7.122972070748492e0	1.5836668768153534e-50
7.124685886624004e0	1.6258755847317463e-50
7.126399702499516e0	1.6691275114749779e-50
7.128113518375027e0	1.713446257055808e-50
7.129827334250539e0	1.7588559008189725e-50
7.131541150126051e0	1.8053810099135245e-50
7.13496878187707e0	1.901878383396148e-50
7.13839641362809e0	2.003145000420839e-50
7.14182404537911e0	2.1093958517133887e-50
7.14525167713013e0	2.2208545889570943e-50
7.1486793088811496e0	2.337753826267987e-50
7.152106940632169e0	2.460335450157166e-50
7.155534572383189e0	2.588850938141086e-50
7.158962204134209e0	2.7235616861610884e-50
7.162389835885229e0	2.8647393449731705e-50
7.1658174676362485e0	3.012666165669403e-50
7.169245099387268e0	3.1676353544916127e-50
7.172672731138288e0	3.3299514370982727e-50
7.176100362889308e0	3.499930632444573e-50
7.179527994640328e0	3.677901236435271e-50
7.182955626391347e0	3.86420401550918e-50
7.186383258142367e0	4.0591926103130313e-50
7.189810889893387e0	4.263233949621762e-50
7.193238521644407e0	4.476708674660738e-50
7.196666153395427e0	4.70001157398415e-50
7.200093785146446e0	4.933552029062506e-50
7.203521416897466e0	5.177754470729794e-50
7.206949048648486e0	5.433058846639813e-50
7.210376680399506e0	5.699921099878631e-50
7.2138043121505255e0	5.9788136588777625e-50
7.217231943901545e0	6.270225938770775e-50
7.220659575652565e0	6.574664854332769e-50
7.224087207403585e0	6.892655344639792e-50
7.227514839154605e0	7.224740909581948e-50
7.2309424709056245e0	7.571484158361425e-50
7.234370102656644e0	7.93346737010208e-50
7.237797734407664e0	8.311293066694621e-50
7.241225366158684e0	8.705584597997167e-50
7.244652997909704e0	9.116986739507006e-50
7.248080629660723e0	9.546166302615273e-50
7.251508261411743e0	9.99381275755127e-50
7.254935893162763e0	1.0460638869119405e-49
7.258363524913783e0	1.0947381345325675e-49
7.261791156664803e0	1.1454801498986517e-49
7.265218788415822e0	1.1983685922406805e-49
7.268646420166842e0	1.253484717520843e-49
7.272074051917862e0	1.3109124485385293e-49
7.275501683668882e0	1.370738446365352e-49
7.2789293154199015e0	1.4330521831161535e-49
7.282356947170921e0	1.497946016061561e-49
7.285784578921941e0	1.5655152630871405e-49
7.289212210672961e0	1.6358582795033963e-49
7.292639842423981e0	1.7090765362102777e-49
7.2960674741750005e0	1.7852746992190145e-49
7.29949510592602e0	1.8645607105332917e-49
7.30292273767704e0	1.9470458703910586e-49
7.30635036942806e0	2.032844920867489e-49
7.30977800117908e0	2.122076130838597e-49
7.313205632930099e0	2.2148613823043263e-49
7.316633264681119e0	2.3113262580689965e-49
7.320060896432139e0	2.4116001307760273e-49
7.323488528183159e0	2.515816253292972e-49
7.3269161599341786e0	2.624111850441909e-49
7.330343791685198e0	2.736628212069237e-49
7.333771423436218e0	2.85351078744808e-49
7.337199055187238e0	2.9749092810051957e-49
7.340626686938258e0	3.1009777493635177e-49
7.3440543186892775e0	3.23187469969024e-49
7.347481950440297e0	3.3677631893392136e-49
7.350909582191317e0	3.508810926775544e-49
7.354337213942337e0	3.655190373768855e-49
7.357764845693357e0	3.807078848840757e-49
7.361192477444376e0	3.964658631950777e-49
7.364620109195396e0	4.128117070403752e-49
7.368047740946416e0	4.297646685960792e-49
7.371475372697436e0	4.473445283134187e-49
7.374903004448456e0	4.6557160586459095e-49
7.378330636199475e0	4.844667712027639e-49
7.381758267950495e0	5.040514557339293e-49
7.385185899701515e0	5.2434766359815586e-49
7.388613531452535e0	5.453779830576731e-49
7.3920411632035545e0	5.671655979890821e-49
7.395468794954574e0	5.897342994768267e-49
7.398896426705594e0	6.1310849750498676e-49
7.402324058456614e0	6.37313232744231e-49
7.405751690207634e0	6.623741884307184e-49
7.4091793219586535e0	6.883177023335349e-49
7.412606953709673e0	7.151707788071515e-49
7.416034585460693e0	7.429611009252039e-49
7.419462217211713e0	7.71717042691789e-49
7.422889848962733e0	8.014676813263585e-49
7.426317480713752e0	8.322428096180414e-49
7.429745112464772e0	8.640729483452072e-49
7.433172744215792e0	8.96989358755851e-49
7.436600375966812e0	9.310240551042895e-49
7.440028007717832e0	9.662098172394917e-49
7.443455639468851e0	1.0025802032401743e-48
7.446883271219871e0	1.0401695620917436e-48
7.450310902970891e0	1.079013046399972e-48
7.453738534721911e0	1.1191466251361342e-48
7.4571661664729305e0	1.160607096408183e-48
7.46059379822395e0	1.2034321002524527e-48
7.46402142997497e0	1.247660131440188e-48
7.46744906172599e0	1.2933305522930675e-48
7.47087669347701e0	1.3404836055017487e-48
7.4743043252280295e0	1.389160426941289e-48
7.477731956979049e0	1.4394030584772607e-48
7.481159588730069e0	1.4912544607560668e-48
7.484587220481089e0	1.5447585259730106e-48
7.488014852232109e0	1.599960090611393e-48
7.491442483983128e0	1.6569049481458693e-48
7.494870115734148e0	1.715639861703113e-48
7.498297747485168e0	1.776212576672724e-48
7.501725379236188e0	1.838671833261169e-48
7.5051530109872076e0	1.9030673789814198e-48
7.508580642738227e0	1.9694499810709037e-48
7.512008274489247e0	2.037871438830112e-48
7.515435906240267e0	2.1083845958741907e-48
7.518863537991287e0	2.181043352289724e-48
7.5222911697423065e0	2.255902676688813e-48
7.525718801493326e0	2.333018618152309e-48
7.529146433244346e0	2.4124483180541517e-48
7.532574064995366e0	2.4942500217584878e-48
7.536001696746386e0	2.5784830901812772e-48
7.539429328497405e0	2.665208011207827e-48
7.542856960248425e0	2.7544864109578235e-48
7.546284591999445e0	2.846381064889097e-48
7.549712223750465e0	2.9409559087314434e-48
7.553139855501485e0	3.038276049241675e-48
7.556567487252504e0	3.138407774771076e-48
7.559995119003524e0	3.24141856563605e-48
7.563422750754544e0	3.347377104283081e-48
7.566850382505564e0	3.456353285238969e-48
7.5702780142565835e0	3.5684182248369377e-48
7.573705646007603e0	3.6836442707095367e-48
7.577133277758623e0	3.802105011038962e-48
7.580560909509643e0	3.923875283555395e-48
7.582274725385153e0	3.986025225003371e-48
7.585702357136173e0	4.112902871365781e-48
7.589129988887192e0	4.243282667681864e-48
7.592557620638212e0	4.37724389210444e-48
7.595985252389232e0	4.5148671094569113e-48
7.599412884140252e0	4.656234178677351e-48
7.6028405158912715e0	4.8014282599488694e-48
7.606268147642291e0	4.950533821506989e-48
7.609695779393311e0	5.1036366461144137e-48
7.613123411144331e0	5.260823837193408e-48
7.616551042895351e0	5.422183824606474e-48
7.6199786746463705e0	5.587806370075802e-48
7.62340630639739e0	5.757782572231723e-48
7.62683393814841e0	5.932204871280913e-48
7.63026156989943e0	6.111167053284766e-48
7.63368920165045e0	6.294764254038528e-48
7.637116833401469e0	6.483092962541861e-48
7.640544465152489e0	6.676251024051476e-48
7.643972096903509e0	6.874337642706486e-48
7.647399728654529e0	7.077453383717393e-48
7.650827360405549e0	7.285700175109375e-48
7.654254992156568e0	7.499181309011044e-48
7.657682623907588e0	7.718001442479511e-48
7.661110255658608e0	7.942266597852989e-48
7.664537887409628e0	8.17208416262201e-48
7.6679655191606475e0	8.407562888810665e-48
7.671393150911667e0	8.648812891859105e-48
7.674820782662687e0	8.895945648999082e-48
7.678248414413707e0	9.149073997114009e-48
7.681676046164727e0	9.408312130075493e-48
7.6851036779157464e0	9.673775595547705e-48
7.688531309666766e0	9.945581291252541e-48
7.691958941417786e0	1.0223847460687135e-47
7.695386573168806e0	1.0508693688286057e-47
7.698814204919826e0	1.0800240894020982e-47
7.705669468421869e0	1.1403928561073678e-47
7.712524731923912e0	1.203590429101504e-47
7.719379995425955e0	1.269718283890206e-47
7.726235258927998e0	1.338879960970062e-47
7.733090522430041e0	1.4111810343286543e-47
7.739945785932084e0	1.486729075967818e-47
7.7468010494341275e0	1.5656336163812536e-47
7.753656312936171e0	1.6480061009235959e-47
7.760511576438214e0	1.733959842014454e-47
7.767366839940257e0	1.8236099671276536e-47
7.7742221034423e0	1.9170733625227789e-47
7.781077366944343e0	2.0144686126832465e-47
7.787932630446386e0	2.1159159354327108e-47
7.794787893948429e0	2.2215371127090994e-47
7.8016431574504725e0	2.3314554169836043e-47
7.808498420952516e0	2.445795533319847e-47
7.815353684454559e0	2.5646834770769706e-47
7.822208947956602e0	2.688246507268517e-47
7.829064211458645e0	2.8166130355978217e-47
7.835919474960688e0	2.949912531199117e-47
7.842774738462731e0	3.0882754211225177e-47
7.8496300019647745e0	3.2318329866099343e-47
7.856485265466818e0	3.380717255217801e-47
7.863340528968861e0	3.5350608888517373e-47
7.870195792470904e0	3.6949970677871705e-47
7.877051055972947e0	3.8606593707590225e-47
7.88390631947499e0	4.0321816512125855e-47
7.890761582977033e0	4.2096979098167325e-47
7.897616846479076e0	4.393342163349493e-47
7.9044721099811195e0	4.583248310075039e-47
7.911327373483163e0	4.779549991739465e-47
7.918182636985206e0	4.982380452321902e-47
7.925037900487249e0	5.191872393685501e-47
7.931893163989292e0	5.40815782828139e-47
7.938748427491335e0	5.63136792906655e-47
7.945603690993378e0	5.861632876804637e-47
7.952458954495421e0	6.099081704926445e-47
7.9593142179974645e0	6.3438421421337375e-47
7.966169481499508e0	6.5960404529377565e-47
7.973024745001551e0	6.855801276330151e-47
7.979880008503594e0	7.123247462790681e-47
7.986735272005637e0	7.398499909842035e-47
7.99359053550768e0	7.681677396368398e-47
8.000445799009723e0	7.972896415919315e-47
8.007301062511763e0	8.272271009225492e-47
8.014156326013802e0	8.579912596158214e-47
8.021011589515842e0	8.895929807367998e-47
8.027866853017882e0	9.220428315841831e-47
8.034722116519921e0	9.553510668621819e-47
8.04157738002196e0	9.895276118931439e-47
8.048432643524e0	1.024582045895732e-46
8.05528790702604e0	1.0605235853536775e-46
8.06214317052808e0	1.0973610675003343e-46
8.068998434030119e0	1.1351029339442936e-46
8.075853697532159e0	1.1737572144614201e-46
8.082708961034198e0	1.2133315109786623e-46
8.089564224536238e0	1.2538329817749713e-46
8.096419488038277e0	1.2952683259245409e-46
8.103274751540317e0	1.3376437680074684e-46
8.110130015042357e0	1.3809650431128039e-46
8.116985278544396e0	1.4252373821585578e-46
8.123840542046436e0	1.4704654975531694e-46
8.130695805548475e0	1.516653569222419e-46
8.144406332552562e0	1.611923557583808e-46
8.158116859556648e0	1.711069631299622e-46
8.171827386560734e0	1.8141047302099417e-46
8.18553791356482e0	1.9210320806901654e-46
8.199248440568907e0	2.031844859701915e-46
8.212958967572993e0	2.1465258946264923e-46
8.226669494577079e0	2.2650474011705782e-46
8.240380021581165e0	2.387370761422199e-46
8.254090548585252e0	2.5134463439072837e-46
8.267801075589338e0	2.643213367255012e-46
8.281511602593424e0	2.7765998088262555e-46
8.29522212959751e0	2.913522359395206e-46
8.308932656601597e0	3.0538864247019447e-46
8.322643183605683e0	3.197586174416263e-46
8.33635371060977e0	3.3445046387717237e-46
8.350064237613855e0	3.4945138528461586e-46
8.363774764617942e0	3.647475048183636e-46
8.377485291622028e0	3.8032388911744164e-46
8.394623450377134e0	4.001640802787034e-46
8.4220445043853e0	4.3268310558256425e-46
8.449465558393465e0	4.660242929849316e-46
8.47688661240163e0	5.000252108487675e-46
8.511162929911837e0	5.431872762476811e-46
8.579715564932252e0	6.3031447631704745e-46
8.627702409446542e0	6.905860329923067e-46
8.655123463454707e0	7.242725992526346e-46
8.682544517462873e0	7.571578280074104e-46
8.709965571471038e0	7.89044258931076e-46
8.737386625479203e0	8.197409328519147e-46
8.764807679487369e0	8.490654482815515e-46
8.792228733495534e0	8.768458656439025e-46
8.8196497875037e0	9.02922432553345e-46
8.847070841511865e0	9.271491080291439e-46
8.87449189552003e0	9.493948683071133e-46
8.901912949528196e0	9.695447817874018e-46
8.929334003536361e0	9.875008455138236e-46
8.956755057544527e0	1.0031825803006245e-45
8.984176111552692e0	1.0165273861052952e-45
9.011597165560858e0	1.0274906634041274e-45
9.039018219569023e0	1.0360457100893824e-45
9.066439273577188e0	1.0421834067188648e-45
9.093860327585354e0	1.0459117057714272e-45
9.118793054437864e0	1.0459117057714272e-45
9.12557015737457e0	1.0460012000722583e-45
9.132347260311276e0	1.0459480079786451e-45
9.139124363247982e0	1.045752895855158e-45
9.145901466184688e0	1.0454166828563597e-45
9.152678569121393e0	1.0449402399150338e-45
9.1594556720581e0	1.0443244887072111e-45
9.166232774994805e0	1.0435704005952696e-45
9.173009877931511e0	1.0426789955503345e-45
9.179786980868217e0	1.0416513410552463e-45
9.186564083804923e0	1.040488550989319e-45
9.193341186741629e0	1.0391917844961448e-45
9.200118289678334e0	1.037762244835675e-45
9.20689539261504e0	1.0362011782217862e-45
9.213672495551746e0	1.034509872646565e-45
9.220449598488452e0	1.0326896566925e-45
9.227226701425158e0	1.0307418983337886e-45
9.234003804361864e0	1.0286680037279281e-45
9.24078090729857e0	1.0264694159987654e-45
9.247558010235275e0	1.0241476140121515e-45
9.254335113171981e0	1.0217041111453405e-45
9.261112216108687e0	1.0191404540512596e-45
9.267889319045393e0	1.0164582214187445e-45
9.274666421982099e0	1.0136590227298299e-45
9.281443524918805e0	1.010744497015156e-45
9.28822062785551e0	1.0077163116085437e-45
9.294997730792216e0	1.0045761609017624e-45
9.301774833728922e0	1.0013257651004944e-45
9.308551936665628e0	9.979668689824742e-46
9.315329039602334e0	9.94501240658776e-46
9.32210614253904e0	9.90930670339174e-46
9.328883245475746e0	9.872569691024949e-46
9.335660348412452e0	9.834819676728515e-46
9.342437451349157e0	9.79607515202631e-46
9.349214554285863e0	9.756354780630739e-46
9.35599165722257e0	9.715677386432558e-46
9.362768760159275e0	9.674061941582769e-46
9.369545863095981e0	9.631527554674093e-46
9.376322966032687e0	9.588093459029612e-46
9.383100068969393e0	9.54377900110555e-46
9.389877171906098e0	9.498603629015195e-46
9.396654274842804e0	9.452586881180594e-46
9.40343137777951e0	9.40574837511824e-46
9.410208480716216e0	9.358107796365131e-46
9.416985583652922e0	9.30968488755069e-46
9.423762686589628e0	9.26049943762048e-46
9.430539789526334e0	9.21057127121674e-46
9.43731689246304e0	9.159920238221015e-46
9.444093995399745e0	9.108566203463515e-46
9.450871098336451e0	9.056529036603885e-46
9.457648201273157e0	9.003828602187561e-46
9.464425304209863e0	8.95048474988181e-46
9.471202407146569e0	8.896517304895193e-46
9.477979510083275e0	8.841946058583998e-46
9.48475661301998e0	8.786790759248892e-46
9.491533715956686e0	8.731071103124941e-46
9.498310818893392e0	8.674806725567677e-46
9.505087921830098e0	8.618017192437736e-46
9.511865024766804e0	8.560721991686576e-46
9.51864212770351e0	8.502940525145196e-46
9.53219633357692e0	8.385995923581822e-46
9.54575053945033e0	8.267336580972855e-46
9.55930474532374e0	8.14711382175751e-46
9.57285895119715e0	8.025476875512264e-46
9.58641315707056e0	7.90257266435458e-46
9.59996736294397e0	7.778545603917927e-46
9.61352156881738e0	7.653537417889052e-46
9.62707577469079e0	7.527686966053293e-46
9.6406299805642e0	7.401130085750597e-46
9.65418418643761e0	7.27399944660526e-46
9.66773839231102e0	7.146424418354519e-46
9.681292598184429e0	7.018530951566582e-46
9.70840100993125e0	6.762274781377173e-46
9.735509421678072e0	6.506166414953448e-46
9.749063627551482e0	6.3784435659869746e-46
9.762617833424892e0	6.251081056818488e-46
9.776172039298302e0	6.1241785889942195e-46
9.789726245171712e0	5.997831920100094e-46
9.803280451045122e0	5.8721328466026626e-46
9.816834656918532e0	5.747169196137279e-46
9.830388862791942e0	5.6230248288178604e-46
9.837165965728648e0	5.56128500002505e-46
9.843943068665354e0	5.4997796471362895e-46
9.85072017160206e0	5.438518142547937e-46
9.857497274538765e0	5.377509613986969e-46
9.864274377475471e0	5.316762945490167e-46
9.871051480412177e0	5.256286778493615e-46
9.877828583348883e0	5.196089513028968e-46
9.884605686285589e0	5.136179309023196e-46
9.891382789222295e0	5.076564087698288e-46
9.898159892159e0	5.017251533067644e-46
9.904936995095706e0	4.9582490935256714e-46
9.911714098032412e0	4.899563983527317e-46
9.918491200969118e0	4.841203185354178e-46
9.925268303905824e0	4.783173450963879e-46
9.93204540684253e0	4.725481303919466e-46
9.938822509779236e0	4.668133041395549e-46
9.945599612715942e0	4.611134736257966e-46
9.952376715652647e0	4.5544922392138144e-46
9.959153818589353e0	4.498211181028682e-46
9.96593092152606e0	4.442296974807961e-46
9.972708024462765e0	4.386754818339183e-46
9.979485127399471e0	4.331589696492318e-46
9.986262230336177e0	4.276806383675052e-46
9.993039333272883e0	4.2224094463400946e-46
9.999816436209588e0	4.1684032455416054e-46
1.0006593539146294e1	4.114791939537858e-46
1.0013370642083e1	4.061579486437339e-46
1.0020147745019706e1	4.008769646885494e-46
1.0026924847956412e1	3.956365986789421e-46
1.0033701950893118e1	3.904371880077787e-46
1.0040479053829824e1	3.8527905114933874e-46
1.004725615676653e1	3.80162487941574e-46
1.0054033259703235e1	3.750877798711195e-46
1.0060810362639941e1	3.7005519036081055e-46
1.0067587465576647e1	3.65064965059459e-46
1.0074364568513353e1	3.6011733213365505e-46
1.0081141671450059e1	3.55212502561362e-46
1.0087918774386765e1	3.503506704270763e-46
1.009469587732347e1	3.4553201321833262e-46
1.0101472980260176e1	3.4075669212333834e-46
1.0108250083196882e1	3.3602485232952392e-46
1.0115027186133588e1	3.3133662332280795e-46
1.0121804289070294e1	3.266921191873747e-46
1.0128581392007e1	3.2209143890577084e-46
1.0135358494943706e1	3.1753466665912964e-46
1.0142135597880412e1	3.1302187212734297e-46
1.0148912700817117e1	3.0855311078899843e-46
1.0155689803753823e1	3.0412842422091178e-46
1.0162466906690529e1	2.9974784039708548e-46
1.0169244009627235e1	2.954113739869302e-46
1.017602111256394e1	2.9111902665259325e-46
1.0182798215500647e1	2.8687078734524122e-46
1.0189575318437353e1	2.8266663260014898e-46
1.0196352421374058e1	2.7850652683045478e-46
1.0199740972842411e1	2.7644297794780126e-46
1.0203129524310764e1	2.7439042261944364e-46
1.0206518075779117e1	2.72348853117568e-46
1.020990662724747e1	2.7031826101123606e-46
1.0213295178715823e1	2.682986371753724e-46
1.0216683730184176e1	2.66289971799722e-46
1.0220072281652529e1	2.642922543977766e-46
1.0223460833120882e1	2.6230547381566873e-46
1.0226849384589235e1	2.603296182410361e-46
1.0230237936057588e1	2.583646752118484e-46
1.023362648752594e1	2.564106316252034e-46
1.0237015038994294e1	2.5446747374608615e-46
1.0240403590462646e1	2.5253518721609323e-46
1.0243792141931e1	2.5061375706211988e-46
1.0247180693399352e1	2.4870316770501027e-46
1.0250569244867705e1	2.4680340296816925e-46
1.0253957796336058e1	2.449144460861352e-46
1.0257346347804411e1	2.430362797131134e-46
1.0260734899272764e1	2.4116888593147017e-46
1.0264123450741117e1	2.3931224626018474e-46
1.026751200220947e1	2.374663416632599e-46
1.0270900553677823e1	2.356311525580916e-46
1.0274289105146176e1	2.3380665882379434e-46
1.0277677656614529e1	2.3199283980948357e-46
1.0281066208082882e1	2.301896743425143e-46
1.0284454759551235e1	2.2839714073667597e-46
1.0287843311019587e1	2.2661521680033985e-46
1.029123186248794e1	2.248438798445633e-46
1.0294620413956293e1	2.2308310669114654e-46
1.0298008965424646e1	2.2133287368064317e-46
1.0301397516893e1	2.195931566803228e-46
1.0304786068361352e1	2.178639310920874e-46
1.0308174619829705e1	2.161451718603382e-46
1.0311563171298058e1	2.1443685347979458e-46
1.0314951722766411e1	2.1273895000326413e-46
1.0318340274234764e1	2.11051435049363e-46
1.0321728825703117e1	2.093742818101866e-46
1.032511737717147e1	2.0770746305892972e-46
1.0328505928639823e1	2.060509511574567e-46
1.0331894480108176e1	2.044047180638205e-46
1.0335283031576529e1	2.0276873533972982e-46
1.0338671583044881e1	2.0114297415796584e-46
1.0342060134513234e1	1.9952740530974566e-46
1.0345448685981587e1	1.9792199921203465e-46
1.034883723744994e1	1.963267259148052e-46
1.0352225788918293e1	1.947415551082437e-46
1.0355614340386646e1	1.9316645612990413e-46
1.0359002891854999e1	1.9160139797180828e-46
1.0362391443323352e1	1.9004634928749163e-46
1.0365779994791705e1	1.885012783989968e-46
1.0369168546260058e1	1.8696615330381203e-46
1.037255709772841e1	1.854409416817554e-46
1.0375945649196764e1	1.839256109018056e-46
1.0379334200665117e1	1.8242012802887756e-46
1.038272275213347e1	1.8092445983054334e-46
1.0386111303601822e1	1.794385727836974e-46
1.0389499855070175e1	1.7796243308116813e-46
1.0392888406538528e1	1.7649600663827335e-46
1.0396276958006881e1	1.7503925909932083e-46
1.0399665509475234e1	1.735921558440536e-46
1.0403054060943587e1	1.721546619940389e-46
1.040644261241194e1	1.7072674241900245e-46
1.0409831163880293e1	1.6930836174310643e-46
1.0413219715348646e1	1.6789948435117253e-46
1.0416608266816999e1	1.6650007439484787e-46
1.0419996818285352e1	1.6511009579871631e-46
1.0423385369753705e1	1.637295122663534e-46
1.0426773921222058e1	1.623582872863253e-46
1.043016247269041e1	1.6099638413813166e-46
1.0433551024158763e1	1.596437658980929e-46
1.0436939575627116e1	1.5830039544518184e-46
1.044032812709547e1	1.5696623546679798e-46
1.0443716678563822e1	1.5564124846448762e-46
1.0447105230032175e1	1.543253967596067e-46
1.0450493781500528e1	1.5301864249892837e-46
1.0453882332968881e1	1.517209476601953e-46
1.0457270884437234e1	1.50432274057615e-46
1.0460659435905587e1	1.491525833472999e-46
1.046404798737394e1	1.478818370326524e-46
1.0467436538842293e1	1.4661999646969357e-46
1.0470825090310646e1	1.4536702287233655e-46
1.0474213641778999e1	1.4412287731760486e-46
1.0477602193247352e1	1.4288752075079479e-46
1.0480990744715704e1	1.4166091399058348e-46
1.0484379296184057e1	1.4044301773408106e-46
1.048776784765241e1	1.3923379256182843e-46
1.0491156399120763e1	1.3803319894273968e-46
1.0494544950589116e1	1.368411972389902e-46
1.049793350205747e1	1.3565774771085021e-46
1.0501322053525822e1	1.3448281052146344e-46
1.0504710604994175e1	1.333163457415722e-46
1.0508099156462528e1	1.321583133541877e-46
1.051148770793088e1	1.310086732592068e-46
1.0514876259399234e1	1.2986738527797493e-46
1.0518264810867587e1	1.2873440915779541e-46
1.052165336233594e1	1.2760970457638517e-46
1.0525041913804293e1	1.264932311462774e-46
1.0528430465272645e1	1.2538494841917114e-46
1.0531819016740998e1	1.2428481589022821e-46
1.0535207568209351e1	1.231927930023173e-46
1.0538596119677704e1	1.2210883915020548e-46
1.0541984671146057e1	1.2103291368469788e-46
1.054537322261441e1	1.1996497591672537e-46
1.0548761774082763e1	1.1890498512137971e-46
1.0552150325551116e1	1.1785290054189806e-46
1.0555538877019469e1	1.1680868139359607e-46
1.0558927428487822e1	1.1577228686774918e-46
1.0562315979956175e1	1.1474367613542396e-46
1.0565704531424528e1	1.1372280835125833e-46
1.056909308289288e1	1.1270964265719167e-46
1.0572481634361234e1	1.1170413818614456e-46
1.0575870185829586e1	1.1070625406564926e-46
1.057925873729794e1	1.0971594942142977e-46
1.0582647288766292e1	1.0873318338093345e-46
1.0586035840234645e1	1.0775791507681314e-46
1.0589424391702998e1	1.0679010365036044e-46
1.0592812943171351e1	1.0582970825489084e-46
1.0596201494639704e1	1.0487668805908012e-46
1.0599590046108057e1	1.0393100225025341e-46
1.060297859757641e1	1.0299261003762628e-46
1.0606367149044763e1	1.0206147065549821e-46
1.0609755700513116e1	1.0113754336639967e-46
1.0613144251981469e1	1.0022078746419175e-46
1.0616532803449822e1	9.931116227711939e-47
1.0619921354918175e1	9.840862717081878e-47
1.0623309906386528e1	9.751314155127852e-47
1.062669845785488e1	9.662466486775535e-47
1.0630087009323233e1	9.57431566156447e-47
1.0633475560791586e1	9.486857633930568e-47
1.063686411225994e1	9.40008836348421e-47
1.0640252663728292e1	9.314003815283842e-47
1.0643641215196645e1	9.228599960105226e-47
1.0647029766664998e1	9.143872774706302e-47
1.0650418318133351e1	9.059818242087655e-47
1.0653806869601704e1	8.976432351748747e-47
1.0657195421070057e1	8.893711099939792e-47
1.066058397253841e1	8.81165048990945e-47
1.0663972524006763e1	8.730246532148235e-47
1.0667361075475116e1	8.649495244627834e-47
1.0670749626943469e1	8.569392653036158e-47
1.0674138178411821e1	8.489934791008341e-47
1.0677526729880174e1	8.41111770035368e-47
1.0680915281348527e1	8.332937431278421e-47
1.068430383281688e1	8.255390042604634e-47
1.0687692384285233e1	8.178471601985015e-47
1.0691080935753586e1	8.102178186113778e-47
1.0694469487221939e1	8.026505880933586e-47
1.0697858038690292e1	7.951450781838623e-47
1.0701246590158645e1	7.877008993873794e-47
1.0704635141626998e1	7.803176631930104e-47
1.070802369309535e1	7.729949820936224e-47
1.0711412244563704e1	7.657324696046344e-47
1.0714800796032057e1	7.585297402824261e-47
1.071818934750041e1	7.513864097423746e-47
1.0721577898968762e1	7.443020946765352e-47
1.0724966450437115e1	7.372764128709473e-47
1.0728355001905468e1	7.3030898322259065e-47
1.0731743553373821e1	7.233994257559797e-47
1.0735132104842174e1	7.165473616394081e-47
1.0738520656310527e1	7.097524132008432e-47
1.074190920777888e1	7.030142039434732e-47
1.0745297759247233e1	6.963323585609127e-47
1.0748686310715586e1	6.897065029520675e-47
1.0752074862183939e1	6.831362642356669e-47
1.0755463413652292e1	6.76621270764458e-47
1.0758851965120645e1	6.701611521390743e-47
1.0762240516588998e1	6.637555392215744e-47
1.076562906805735e1	6.574040641486618e-47
1.0769017619525703e1	6.511063603445815e-47
1.0772406170994056e1	6.448620625337023e-47
1.077579472246241e1	6.386708067527844e-47
1.0779183273930762e1	6.325322303629381e-47
1.0782571825399115e1	6.264459720612759e-47
1.0785960376867468e1	6.204116718922586e-47
1.0789348928335821e1	6.144289712587451e-47
1.0792737479804174e1	6.084975129327424e-47
1.0796126031272527e1	6.026169410658627e-47
1.079951458274088e1	5.967869011994911e-47
1.0802903134209233e1	5.910070402746637e-47
1.0806291685677586e1	5.8527700664166115e-47
1.0809680237145939e1	5.79596450069325e-47
1.0813068788614292e1	5.739650217540907e-47
1.0816457340082644e1	5.683823743287514e-47
1.0819845891550997e1	5.628481618709461e-47
1.082323444301935e1	5.573620399113811e-47
1.0826622994487703e1	5.519236654417852e-47
1.0830011545956056e1	5.465326969226051e-47
1.083340009742441e1	5.411887942904382e-47
1.0836788648892762e1	5.358916189652109e-47
1.0840177200361115e1	5.306408338571043e-47
1.0843565751829468e1	5.254361033732302e-47
1.084695430329782e1	5.202770934240586e-47
1.0850342854766174e1	5.151634714296025e-47
1.0853731406234527e1	5.100949063253619e-47
1.085711995770288e1	5.050710685680295e-47
1.0860508509171233e1	5.000916301409611e-47
1.0863897060639585e1	4.951562645594145e-47
1.0867285612107938e1	4.902646468755596e-47
1.0870674163576291e1	4.854164536832615e-47
1.0874062715044644e1	4.806113631226417e-47
1.0877451266512997e1	4.758490548844189e-47
1.088083981798135e1	4.711292102140298e-47
1.0884228369449703e1	4.6645151191554e-47
1.0887616920918056e1	4.618156443553388e-47
1.0891005472386409e1	4.572212934656276e-47
1.0894394023854762e1	4.5266814674770125e-47
1.0897782575323115e1	4.481558932750271e-47
1.0901171126791468e1	4.436842236961231e-47
1.090455967825982e1	4.39252830237238e-47
1.0907948229728174e1	4.348614067048368e-47
1.0911336781196527e1	4.3050964848789325e-47
1.091472533266488e1	4.2619725255999363e-47
1.0918113884133232e1	4.219239174812542e-47
1.0921502435601585e1	4.176893434000541e-47
1.0924890987069938e1	4.1349323205458506e-47
1.0928279538538291e1	4.0933528677422576e-47
1.0931668090006644e1	4.052152124807365e-47
1.0935056641474997e1	4.011327156892817e-47
1.093844519294335e1	3.9708750450928093e-47
1.0941833744411703e1	3.930792886450924e-47
1.0945222295880056e1	3.8910777939652974e-47
1.0948610847348409e1	3.851726896592156e-47
1.0951999398816762e1	3.8127373392477304e-47
1.0955387950285115e1	3.774106282808609e-47
1.0958776501753468e1	3.735830904110506e-47
1.096216505322182e1	3.697908395945523e-47
1.0965553604690173e1	3.660335967057864e-47
1.0968942156158526e1	3.6231108421380964e-47
1.097233070762688e1	3.5862302618159274e-47
1.0975719259095232e1	3.5496914826515544e-47
1.0979107810563585e1	3.513491777125588e-47
1.0982496362031938e1	3.4776284336275913e-47
1.0985884913500291e1	3.442098756443246e-47
1.0989273464968644e1	3.406900065740164e-47
1.0992662016436997e1	3.372029697552398e-47
1.099605056790535e1	3.3374850037636273e-47
1.0999439119373703e1	3.303263352089073e-47
1.1002827670842056e1	3.2693621260561575e-47
1.1006216222310409e1	3.2357787249839296e-47
1.1009604773778761e1	3.2025105639612727e-47
1.1012993325247114e1	3.169555073823931e-47
1.1016381876715467e1	3.1369097011303472e-47
1.101977042818382e1	3.1045719081363715e-47
1.1023158979652173e1	3.072539172768822e-47
1.1026547531120526e1	3.0408089885979546e-47
1.1029936082588879e1	3.009378864808843e-47
1.1033324634057232e1	2.9782463261716862e-47
1.1036713185525585e1	2.9474089130110674e-47
1.1040101736993938e1	2.9168641811741987e-47
1.104349028846229e1	2.88660970199815e-47
1.1046878839930644e1	2.8566430622760905e-47
1.1050267391398997e1	2.8269618642225635e-47
1.105365594286735e1	2.79756372543782e-47
1.1057044494335702e1	2.768446278871212e-47
1.1060433045804055e1	2.7396071727836806e-47
1.1063821597272408e1	2.7110440707093565e-47
1.1067210148740761e1	2.682754651416276e-47
1.1070598700209114e1	2.654736608866249e-47
1.1073987251677467e1	2.626987652173894e-47
1.107737580314582e1	2.59950550556485e-47
1.1080764354614173e1	2.572287908333173e-47
1.1084152906082526e1	2.5453326147979696e-47
1.1087541457550879e1	2.51863739425925e-47
1.1090930009019232e1	2.492200030953041e-47
1.1094318560487585e1	2.466018324005754e-47
1.1097707111955938e1	2.4400900873878476e-47
1.110109566342429e1	2.4144131498667814e-47
1.1104484214892643e1	2.388985354959297e-47
1.1107872766360996e1	2.363804560883021e-47
1.111126131782935e1	2.338868640507427e-47
1.1114649869297702e1	2.3141754813041574e-47
1.1118038420766055e1	2.289722985296718e-47
1.1121426972234408e1	2.2655090690095833e-47
1.1124815523702761e1	2.241531663416701e-47
1.1128204075171114e1	2.2177887138894267e-47
1.1131592626639467e1	2.1942781801438994e-47
1.113498117810782e1	2.170998036187876e-47
1.1138369729576173e1	2.1479462702670276e-47
1.1141758281044526e1	2.1251208848107344e-47
1.1145146832512879e1	2.1025198963773577e-47
1.1148535383981232e1	2.0801413355990508e-47
1.1151923935449584e1	2.0579832471260754e-47
1.1155312486917937e1	2.036043689570668e-47
1.115870103838629e1	2.014320735450464e-47
1.1162089589854643e1	1.9928124711314747e-47
1.1165478141322996e1	1.971516996770662e-47
1.116886669279135e1	1.9504324262580933e-47
1.1172255244259702e1	1.9295568871587082e-47
1.1175643795728055e1	1.908888520653709e-47
1.1179032347196408e1	1.8884254814815704e-47
1.118242089866476e1	1.8681659378787025e-47
1.1185809450133114e1	1.848108071519765e-47
1.1189198001601467e1	1.828250077457656e-47
1.119258655306982e1	1.808590164063173e-47
1.1195975104538173e1	1.7891265529643687e-47
1.1199363656006526e1	1.7698574789856118e-47
1.1202752207474878e1	1.7507811900863524e-47
1.1206140758943231e1	1.73189594729963e-47
1.1209529310411584e1	1.7132000246703024e-47
1.1212917861879937e1	1.6946917091930336e-47
1.121630641334829e1	1.6763693007500294e-47
1.1219694964816643e1	1.6582311120485504e-47
1.1223083516284996e1	1.6402754685582022e-47
1.1226472067753349e1	1.6225007084480144e-47
1.1229860619221702e1	1.604905182523322e-47
1.1233249170690055e1	1.5874872541624502e-47
1.1236637722158408e1	1.5702452992532238e-47
1.124002627362676e1	1.5531777061293085e-47
1.1243414825095114e1	1.536282875506384e-47
1.1246803376563467e1	1.5195592204181735e-47
1.125019192803182e1	1.5030051661523284e-47
1.1253580479500172e1	1.486619150186175e-47
1.1256969030968525e1	1.4703996221223433e-47
1.1260357582436878e1	1.454345043624277e-47
1.1263746133905231e1	1.4384538883516368e-47
1.1267134685373584e1	1.4227246418956137e-47
1.1270523236841937e1	1.4071558017141352e-47
1.127391178831029e1	1.3917458770670103e-47
1.1277300339778643e1	1.3764933889509864e-47
1.1280688891246996e1	1.3613968700347544e-47
1.1284077442715349e1	1.346454864593886e-47
1.1287465994183702e1	1.3316659284457253e-47
1.1290854545652055e1	1.3170286288842386e-47
1.1294243097120408e1	1.302541544614834e-47
1.129763164858876e1	1.2882032656891493e-47
1.1301020200057113e1	1.274012393439822e-47
1.1304408751525466e1	1.2599675404152547e-47
1.130779730299382e1	1.2460673303143593e-47
1.1311185854462172e1	1.2323103979213168e-47
1.1314574405930525e1	1.2186953890403412e-47
1.1317962957398878e1	1.205220960430462e-47
1.1321351508867231e1	1.1918857797403216e-47
1.1324740060335584e1	1.1786885254430075e-47
1.1328128611803937e1	1.165627886770916e-47
1.133151716327229e1	1.152702563650659e-47
1.1334905714740643e1	1.1399112666380137e-47
1.1338294266208996e1	1.1272527168529318e-47
1.1341682817677349e1	1.114725645914603e-47
1.1345071369145701e1	1.1023287958765832e-47
1.1348459920614054e1	1.0900609191619981e-47
1.1351848472082407e1	1.0779207784988117e-47
1.135523702355076e1	1.0659071468551875e-47
1.1358625575019113e1	1.054018807374932e-47
1.1362014126487466e1	1.0422545533130321e-47
1.1365402677955819e1	1.0306131879712829e-47
1.1368791229424172e1	1.0190935246340253e-47
1.1372179780892525e1	1.0076943865039887e-47
1.1375568332360878e1	9.964146066382423e-48
1.137895688382923e1	9.852530278842676e-48
1.1382345435297584e1	9.742085028161473e-48
1.1385733986765937e1	9.632798936708838e-48
1.138912253823429e1	9.52466072284847e-48
1.1392511089702642e1	9.417659200303562e-48
1.1395899641170995e1	9.311783277523983e-48
1.1399288192639348e1	9.207021957054953e-48
1.1402676744107701e1	9.103364334907119e-48
1.1406065295576054e1	9.000799599928198e-48
1.1409453847044407e1	8.899317033176126e-48
1.141284239851276e1	8.798906007293815e-48
1.1416230949981113e1	8.699555985885509e-48
1.1419619501449466e1	8.601256522894855e-48
1.1423008052917819e1	8.503997261984628e-48
1.1426396604386172e1	8.407767935918171e-48
1.1429785155854525e1	8.312558365942629e-48
1.1433173707322878e1	8.21835846117399e-48
1.143656225879123e1	8.12515821798391e-48
1.1439950810259583e1	8.032947719388441e-48
1.1443339361727936e1	7.941717134438632e-48
1.144672791319629e1	7.851456717613036e-48
1.1450116464664642e1	7.762156808212211e-48
1.1453505016132995e1	7.673807829755119e-48
1.1456893567601348e1	7.586400289377604e-48
1.1460282119069701e1	7.4999247772329e-48
1.1463670670538054e1	7.41437196589412e-48
1.1467059222006407e1	7.329732609758892e-48
1.147044777347476e1	7.245997544456108e-48
1.1473836324943113e1	7.163157686254768e-48
1.1477224876411466e1	7.08120403147498e-48
1.1480613427879819e1	7.000127655901161e-48
1.1484001979348172e1	6.919919714197402e-48
1.1487390530816525e1	6.84057143932508e-48
1.1490779082284877e1	6.762074141962691e-48
1.149416763375323e1	6.684419209927947e-48
1.1497556185221583e1	6.607598107602153e-48
1.1500944736689936e1	6.531602375356866e-48
1.150433328815829e1	6.456423628982872e-48
1.1507721839626642e1	6.382053559121502e-48
1.1511110391094995e1	6.308483930698282e-48
1.1514498942563348e1	6.235706582358958e-48
1.15178874940317e1	6.163713425907877e-48
1.1521276045500054e1	6.092496445748789e-48
1.1524664596968407e1	6.022047698328026e-48
1.152805314843676e1	5.95235931158012e-48
1.1531441699905113e1	5.883423484375836e-48
1.1534830251373466e1	5.815232485972673e-48
1.1538218802841818e1	5.747778655467798e-48
1.1541607354310171e1	5.681054401253456e-48
1.1544995905778524e1	5.615052200474866e-48
1.1548384457246877e1	5.549764598490589e-48
1.155177300871523e1	5.485184208335416e-48
1.1555161560183583e1	5.421303710185735e-48
1.1558550111651936e1	5.358115850827441e-48
1.1561938663120289e1	5.2956134431263565e-48
1.1565327214588642e1	5.233789365501179e-48
1.1568715766056995e1	5.172636561398973e-48
1.1572104317525348e1	5.1121480387732267e-48
1.15754928689937e1	5.052316869564416e-48
1.1578881420462054e1	4.993136189183163e-48
1.1582269971930407e1	4.934599195995933e-48
1.158565852339876e1	4.87669915081333e-48
1.1589047074867112e1	4.819429376380929e-48
1.1592435626335465e1	4.7627832568727023e-48
1.1595824177803818e1	4.706754237387018e-48
1.1599212729272171e1	4.6513358234452315e-48
1.1602601280740524e1	4.5965215804928424e-48
1.1605989832208877e1	4.5423051334032763e-48
1.160937838367723e1	4.488680165984201e-48
1.1612766935145583e1	4.435640420486472e-48
1.1616155486613936e1	4.383179697115664e-48
1.1619544038082289e1	4.331291853546188e-48
1.1622932589550642e1	4.279970804437989e-48
1.1626321141018995e1	4.2292105209558663e-48
1.1629709692487348e1	4.1790050302913596e-48
1.16330982439557e1	4.129348415187231e-48
1.1636486795424053e1	4.0802348134645427e-48
1.1639875346892406e1	4.031658417552323e-48
1.164326389836076e1	3.98361347401981e-48
1.1646652449829112e1	3.936094283111295e-48
1.1650041001297465e1	3.889095198283522e-48
1.1653429552765818e1	3.8426106257456935e-48
1.1656818104234171e1	3.7966350240020313e-48
1.1660206655702524e1	3.751162903396915e-48
1.1663595207170877e1	3.706188825662589e-48
1.166698375863923e1	3.6617074034694396e-48
1.1670372310107583e1	3.617713299978819e-48
1.1673760861575936e1	3.5742012283984304e-48
1.1677149413044289e1	3.531165951540261e-48
1.1680537964512641e1	3.4886022813810663e-48
1.1683926515980994e1	3.446505078625375e-48
1.1687315067449347e1	3.4048692522710324e-48
1.16907036189177e1	3.3636897591772914e-48
1.1694092170386053e1	3.322961603635392e-48
1.1697480721854406e1	3.282679836941668e-48
1.1700869273322759e1	3.242839556973159e-48
1.1704257824791112e1	3.2034359077657194e-48
1.1707646376259465e1	3.1644640790946227e-48
1.1711034927727818e1	3.12591930605764e-48
1.171442347919617e1	3.0877968686605995e-48
1.1717812030664524e1	3.0500920914054114e-48
1.1721200582132877e1	3.0128003428805553e-48
1.172458913360123e1	2.975917035354005e-48
1.1727977685069582e1	2.9394376243686057e-48
1.1731366236537935e1	2.903357608339874e-48
1.1734754788006288e1	2.867672528156235e-48
1.1738143339474641e1	2.832377966781643e-48
1.1741531890942994e1	2.7974695488606373e-48
1.1744920442411347e1	2.762942940325765e-48
1.17483089938797e1	2.7287938480074063e-48
1.1751697545348053e1	2.6950180192459448e-48
1.1755086096816406e1	2.6616112415063278e-48
1.1758474648284759e1	2.6285693419949554e-48
1.1761863199753112e1	2.5958881872789195e-48
1.1765251751221465e1	2.5635636829075587e-48
1.1768640302689818e1	2.531591773036343e-48
1.177202885415817e1	2.4999684400530573e-48
1.1775417405626524e1	2.468689704206275e-48
1.1778805957094876e1	2.4377516232361072e-48
1.178219450856323e1	2.4071502920072383e-48
1.1785583060031582e1	2.3768818421441936e-48
1.1788971611499935e1	2.3469424416688692e-48
1.1792360162968288e1	2.317328294640287e-48
1.1795748714436641e1	2.2880356407965652e-48
1.1799137265904994e1	2.259060755199085e-48
1.1802525817373347e1	2.2303999478788733e-48
1.18059143688417e1	2.2020495634851337e-48
1.1809302920310053e1	2.1740059809359708e-48
1.1812691471778406e1	2.1462656130712414e-48
1.1816080023246759e1	2.1188249063075586e-48
1.1819468574715112e1	2.0916803402954065e-48
1.1822857126183465e1	2.0648284275783808e-48
1.1826245677651817e1	2.0382657132545095e-48
1.182963422912017e1	2.0119887746396618e-48
1.1833022780588523e1	1.9859942209330194e-48
1.1836411332056876e1	1.9602786928845966e-48
1.183979988352523e1	1.934838862464812e-48
1.1843188434993582e1	1.9096714325360543e-48
1.1846576986461935e1	1.8847731365262816e-48
1.1849965537930288e1	1.8601407381046004e-48
1.185335408939864e1	1.8357710308588172e-48
1.1856742640866994e1	1.8116608379749562e-48
1.1860131192335347e1	1.7878070119187282e-48
1.18635197438037e1	1.7642064341189085e-48
1.1866908295272053e1	1.74085601465265e-48
1.1870296846740406e1	1.7177526919326808e-48
1.1873685398208758e1	1.694893432396391e-48
1.1877073949677111e1	1.672275230196778e-48
1.1880462501145464e1	1.6498951068952447e-48
1.1883851052613817e1	1.627750111156232e-48
1.188723960408217e1	1.605837318443665e-48
1.1890628155550523e1	1.5841538307191952e-48
1.1894016707018876e1	1.5626967761422364e-48
1.1897405258487229e1	1.5414633087717512e-48
1.1900793809955582e1	1.5204506082697987e-48
1.1904182361423935e1	1.4996558796068108e-48
1.1907570912892288e1	1.4790763527685808e-48
1.191095946436064e1	1.4587092824649517e-48
1.1914348015828994e1	1.438551947840185e-48
1.1917736567297347e1	1.4186016521849906e-48
1.19211251187657e1	1.3988557226502008e-48
1.1924513670234052e1	1.3793115099620783e-48
1.1927902221702405e1	1.3599663881392241e-48
1.1931290773170758e1	1.3408177542110837e-48
1.1934679324639111e1	1.321863027938022e-48
1.1938067876107464e1	1.3030996515329619e-48
1.1941456427575817e1	1.2845250893845528e-48
1.194484497904417e1	1.2661368277818602e-48
1.1948233530512523e1	1.2479323746405558e-48
1.1951622081980876e1	1.2299092592305914e-48
1.1955010633449229e1	1.2120650319053367e-48
1.1958399184917582e1	1.194397263832159e-48
1.1961787736385935e1	1.1769035467244315e-48
1.1965176287854288e1	1.1595814925749518e-48
1.196856483932264e1	1.1424287333907392e-48
1.1971953390790993e1	1.1254429209292123e-48
1.1975341942259346e1	1.10862172643571e-48
1.19787304937277e1	1.0919628403823449e-48
1.1982119045196052e1	1.0754639722081681e-48
1.1985507596664405e1	1.0591228500606253e-48
1.1988896148132758e1	1.0429372205382888e-48
1.1992284699601111e1	1.0269048484348392e-48
1.1995673251069464e1	1.0110235164842787e-48
1.1999061802537817e1	9.952910251073582e-49
1.200245035400617e1	9.797051921592023e-49
1.2005838905474523e1	9.642638526781021e-49
1.2009227456942876e1	9.489648586354612e-49
1.2012616008411229e1	9.338060786868747e-49
1.2016004559879581e1	9.187853979243242e-49
1.2019393111347934e1	9.039007176294609e-49
1.2022781662816287e1	8.891499550279593e-49
1.202617021428464e1	8.745310430449243e-49
1.2029558765752993e1	8.600419300613252e-49
1.2032947317221346e1	8.456805796714403e-49
1.2036335868689699e1	8.3144497044129e-49
1.2039724420158052e1	8.173330956680366e-49
1.2043112971626405e1	8.033429631403264e-49
1.2046501523094758e1	7.894725948995581e-49
1.204989007456311e1	7.757200270020551e-49
1.2053278626031464e1	7.6208330928212e-49
1.2056667177499817e1	7.485605051159426e-49
1.206005572896817e1	7.351496911863549e-49
1.2063444280436523e1	7.218489572483943e-49
1.2066832831904875e1	7.086564058956626e-49
1.2070221383373228e1	6.955701523274611e-49
1.2073609934841581e1	6.825883241166685e-49
1.2076998486309934e1	6.69709060978351e-49
1.2080387037778287e1	6.56930514539074e-49
1.208377558924664e1	6.4425084810690066e-49
1.2087164140714993e1	6.316682364420432e-49
1.2090552692183346e1	6.191808655281555e-49
1.2093941243651699e1	6.0678693234423856e-49
1.2097329795120052e1	5.944846446371351e-49
1.2100718346588405e1	5.8227222069458975e-49
1.2104106898056758e1	5.701478891188571e-49
1.210749544952511e1	5.5810988860082825e-49
1.2110884000993464e1	5.46156467694653e-49
1.2114272552461816e1	5.34285884592834e-49
1.211766110393017e1	5.224964069017731e-49
1.2121049655398522e1	5.1078631141773995e-49
1.2124438206866875e1	4.9915388390324084e-49
1.2127826758335228e1	4.875974188637646e-49
1.2131215309803581e1	4.761152193248793e-49
1.2134603861271934e1	4.64705596609657e-49
1.2137992412740287e1	4.533668701164003e-49
1.214138096420864e1	4.420973670966435e-49
1.2144769515676993e1	4.308954224334096e-49
1.2148158067145346e1	4.197593784196903e-49
1.2151546618613699e1	4.0868758453712806e-49
1.2154935170082052e1	3.976783972348756e-49
1.2158323721550405e1	3.867301797086017e-49
1.2161712273018757e1	3.758413016796217e-49
1.216510082448711e1	3.650101391741258e-49
1.2168489375955463e1	3.5423507430247855e-49
1.2171877927423816e1	3.43514495038562e-49
1.217526647889217e1	3.3284679499913528e-49
1.2178655030360522e1	3.2223037322318745e-49
1.2182043581828875e1	3.1166363395125222e-49
1.2185432133297228e1	3.0114498640465903e-49
1.2188820684765581e1	2.9067284456469413e-49
1.2192209236233934e1	2.8024562695164024e-49
1.2195597787702287e1	2.698617564036719e-49
1.219898633917064e1	2.5951965985557395e-49
1.2202374890638993e1	2.4921776811725786e-49
1.2205763442107346e1	2.3895451565204537e-49
1.2209151993575698e1	2.2872834035469144e-49
1.2212540545044051e1	2.1853768332911786e-49
1.2215929096512404e1	2.083809886658276e-49
1.2219317647980757e1	1.9825670321897037e-49
1.222270619944911e1	1.881632763830311e-49
1.2226094750917463e1	1.78099159869109e-49
1.2229483302385816e1	1.680628074807594e-49
1.2232871853854169e1	1.5805267488936653e-49
1.2236260405322522e1	1.4806721940901719e-49
1.2239648956790875e1	1.38104899770844e-49
1.2243037508259228e1	1.2816417589680645e-49
1.224642605972758e1	1.1824350867288038e-49
1.2249814611195934e1	1.0834135972162149e-49
1.2253203162664287e1	9.845619117407317e-50
1.225659171413264e1	8.858646544098495e-50
1.2259980265600992e1	7.873064498330927e-50
1.2263368817069345e1	6.88871920819444e-50
1.2266757368537698e1	5.905456860668958e-50
1.2270145920006051e1	4.923123578437918e-50
1.2273534471474404e1	3.941565396616237e-50
1.2276923022942757e1	2.960628239389397e-50
1.228031157441111e1	1.9801578965602444e-50
1.2283700125879463e1	1e-50