position	wave function
6.503035260887328e0	2.68845941382173e-56
6.506504130472846e0	5.397066500229054e-56
6.509973000058364e0	8.159449850767675e-56
6.5134418696438825e0	1.1002528496739512e-55
6.516910739229401e0	1.3953598122380964e-55
6.520379608814919e0	1.70405834663735e-55
6.523848478400437e0	2.0292288879748244e-55
6.527317347985955e0	2.373864935991363e-55
6.530786217571473e0	2.7410984277445223e-55
6.534255087156991e0	3.1342255932698414e-55
6.537723956742509e0	3.55673350211619e-55
6.541192826328027e0	4.012327504798498e-55
6.544661695913545e0	4.504959771173331e-55
6.548130565499063e0	5.038859127390184e-55
6.551599435084581e0	5.6185623942895094e-55
6.555068304670099e0	6.248947432819447e-55
6.558537174255617e0	6.935268106152186e-55
6.562006043841135e0	7.68319137363236e-55
6.5654749134266535e0	8.49883673844156e-55
6.5689437830121715e0	9.388818278872083e-55
6.57241265259769e0	1.0360289502348364e-54
6.575881522183208e0	1.1420991271792678e-54
6.579350391768726e0	1.2579303065599851e-54
6.582819261354244e0	1.3844297845355483e-54
6.586288130939762e0	1.5225800819516614e-54
6.58975700052528e0	1.673445240657809e-54
6.593225870110798e0	1.838177571778995e-54
6.596694739696316e0	2.0180248897303425e-54
6.600163609281834e0	2.2143382676718633e-54
6.603632478867352e0	2.4285803521429054e-54
6.60710134845287e0	2.662334276794272e-54
6.610570218038388e0	2.917313217454434e-54
6.614039087623906e0	3.1953706332294374e-54
6.617507957209424e0	3.498511240949237e-54
6.6209768267949425e0	3.8289027730406376e-54
6.6244456963804605e0	4.188888571835608e-54
6.627914565965979e0	4.581001076418373e-54
6.631383435551497e0	5.0079762613823205e-54
6.634852305137015e0	5.472769090314078e-54
6.638321174722533e0	5.978570050455946e-54
6.641790044308051e0	6.528822838823209e-54
6.645258913893569e0	7.127243274081057e-54
6.648727783479087e0	7.777839512720805e-54
6.652196653064605e0	8.484933652527934e-54
6.655665522650123e0	9.25318481101254e-54
6.659134392235641e0	1.0087613771382576e-53
6.662603261821159e0	1.0993629293794763e-53
6.666072131406677e0	1.1977056195021505e-53
6.669541000992195e0	1.3044165305340308e-53
6.673009870577713e0	1.4201705417386644e-53
6.6764787401632315e0	1.5456937347927178e-53
6.67994760974875e0	1.6817670240019436e-53
6.683416479334268e0	1.8292300239830024e-53
6.686885348919786e0	1.9889851689501296e-53
6.690354218505304e0	2.1620020984900467e-53
6.693823088090822e0	2.3493223254856374e-53
6.69729195767634e0	2.55206420266044e-53
6.700760827261858e0	2.7714282050642284e-53
6.704229696847376e0	3.00870254670254e-53
6.707698566432894e0	3.2652691504361423e-53
6.711167436018412e0	3.5426099912366104e-53
6.71463630560393e0	3.842313833885248e-53
6.718105175189448e0	4.166083387245495e-53
6.721574044774966e0	4.515742898323772e-53
6.725042914360484e0	4.893246210463106e-53
6.7285117839460025e0	5.300685311187353e-53
6.7319806535315205e0	5.740299396435478e-53
6.735449523117039e0	6.214484479191784e-53
6.738918392702557e0	6.725803571836893e-53
6.742387262288075e0	7.276997472909262e-53
6.745856131873593e0	7.8709961903877295e-53
6.749325001459111e0	8.510931035073237e-53
6.752793871044629e0	9.200147419175946e-53
6.756262740630147e0	9.942218396791102e-53
6.759731610215665e0	1.0740958984584e-52
6.763200479801183e0	1.160044130269867e-52
6.766669349386701e0	1.2525010577653454e-52
6.770138218972219e0	1.35193020508016e-52
6.773607088557737e0	1.4588258837807147e-52
6.777075958143255e0	1.5737150786516317e-52
6.780544827728773e0	1.6971594382609715e-52
6.7840136973142915e0	1.8297573754472585e-52
6.7874825668998096e0	1.972146283085492e-52
6.790951436485328e0	2.1250048707080167e-52
6.794420306070846e0	2.2890556277822446e-52
6.797889175656364e0	2.4650674196797005e-52
6.801358045241882e0	2.653858222610653e-52
6.8048269148274e0	2.8562980040446646e-52
6.808295784412918e0	3.0733117553909157e-52
6.811764653998436e0	3.3058826839726935e-52
6.815233523583954e0	3.5550555715977636e-52
6.818702393169472e0	3.821940307300856e-52
6.82217126275499e0	4.107715602116663e-52
6.825640132340508e0	4.413632894029886e-52
6.829109001926026e0	4.741020451546564e-52
6.832577871511544e0	5.091287684632068e-52
6.8360467410970625e0	5.465929672073665e-52
6.8395156106825805e0	5.8665319146419945e-52
6.842984480268099e0	6.2947753237511134e-52
6.846453349853617e0	6.752441455648113e-52
6.849922219439135e0	7.241418001503808e-52
6.853391089024653e0	7.763704544119483e-52
6.856859958610171e0	8.321418592319561e-52
6.860328828195689e0	8.916801904457652e-52
6.863797697781207e0	9.55222711283267e-52
6.867266567366725e0	1.0230204661180199e-51
6.870735436952243e0	1.0953390067787513e-51
6.874204306537761e0	1.1724591527162236e-51
6.877673176123279e0	1.254677786357859e-51
6.881142045708797e0	1.342308685022237e-51
6.884610915294315e0	1.435683390805538e-51
6.888079784879833e0	1.5351521198931325e-51
6.8915486544653515e0	1.64108471279068e-51
6.8950175240508695e0	1.7538716270109724e-51
6.898486393636388e0	1.8739249737948055e-51
6.901955263221906e0	2.0016796004869546e-51
6.905424132807424e0	2.1375942202315058e-51
6.908893002392942e0	2.282152590693789e-51
6.91236187197846e0	2.4358647435601252e-51
6.915830741563978e0	2.599268266610376e-51
6.919299611149496e0	2.772929640202548e-51
6.922768480735014e0	2.95744563005285e-51
6.926237350320532e0	3.1534447382392465e-51
6.92970621990605e0	3.361588714400716e-51
6.933175089491568e0	3.582574129149319e-51
6.9362103503788965e0	3.7870456901390404e-51
6.939679219964415e0	4.03411450300543e-51
6.943148089549933e0	4.296236465851452e-51
6.946616959135451e0	4.5742591590212786e-51
6.950085828720969e0	4.869073614172406e-51
6.953554698306487e0	5.1816162962633725e-51
6.957023567892005e0	5.512871162812558e-51
6.960492437477523e0	5.863871802788563e-51
6.963961307063041e0	6.235703657533362e-51
6.967430176648559e0	6.629506326161404e-51
6.970899046234077e0	7.046475957918008e-51
6.974367915819595e0	7.487867734018017e-51
6.977836785405113e0	7.954998441526562e-51
6.981305654990631e0	8.449249141878792e-51
6.9847745245761494e0	8.972067936673476e-51
6.9882433941616675e0	9.524972833408526e-51
6.991712263747186e0	1.0109554713861206e-50
6.995181133332704e0	1.0727480407847586e-50
6.998650002918222e0	1.1380495875125185e-50
7.00211887250374e0	1.2070429498233647e-50
7.005587742089258e0	1.279919548909309e-50
7.009056611674776e0	1.3568797412205767e-50
7.012525481260294e0	1.438133182733018e-50
7.015994350845812e0	1.523899205451709e-50
7.01946322043133e0	1.6144072064414863e-50
7.022932090016848e0	1.7098970496767359e-50
7.026400959602366e0	1.8106194810045404e-50
7.029869829187884e0	1.9168365565156414e-50
7.033338698773402e0	2.02882208461914e-50
7.03680756835892e0	2.146862082117077e-50
7.0402764379444385e0	2.2712552445752347e-50
7.0437453075299565e0	2.4023134312863813e-50
7.047214177115475e0	2.540362165122024e-50
7.050683046700993e0	2.6857411475675366e-50
7.054151916286511e0	2.8388047892345677e-50
7.057620785872029e0	2.9999227561430853e-50
7.061089655457547e0	3.169480532063506e-50
7.064558525043065e0	3.3478799972069487e-50
7.068027394628583e0	3.5355400235487514e-50
7.071496264214101e0	3.732897087067704e-50
7.074965133799619e0	3.940405897179239e-50
7.078434003385137e0	4.1585400436372305e-50
7.081902872970655e0	4.387792661173826e-50
7.085371742556173e0	4.628677112142264e-50
7.088840612141691e0	4.881727687421586e-50
7.092309481727209e0	5.147500325836723e-50
7.0957783513127275e0	5.426573352340083e-50
7.099247220898246e0	5.719548235193493e-50
7.104450525276523e0	6.186451312354393e-50
7.111388264447559e0	6.863691714764615e-50
7.118326003618595e0	7.608624328596261e-50
7.125263742789631e0	8.427310410748886e-50
7.132201481960667e0	9.326282578803249e-50
7.139139221131703e0	1.0312574813023099e-49
7.146076960302739e0	1.1393753797153328e-49
7.1530146994737756e0	1.257795161144543e-49
7.159952438644812e0	1.3873899787298413e-49
7.166890177815848e0	1.5290964728487645e-49
7.173827916986884e0	1.683918449917039e-49
7.18076565615792e0	1.8529306973693347e-49
7.187703395328956e0	2.0372829337679893e-49
7.194641134499992e0	2.2382038923938223e-49
7.2015788736710284e0	2.4570055360414736e-49
7.208516612842065e0	2.6950874000708927e-49
7.215454352013101e0	2.9539410600577252e-49
7.222392091184137e0	3.23515471963944e-49
7.229329830355173e0	3.540417913369794e-49
7.236267569526209e0	3.8715263185750614e-49
7.243205308697245e0	4.230386669351456e-49
7.250143047868281e0	4.619021764955963e-49
7.2570807870393175e0	5.039575563923301e-49
7.264018526210354e0	5.494318354293973e-49
7.27095626538139e0	5.9856519893616595e-49
7.277894004552426e0	6.5161151773485354e-49
7.284831743723462e0	7.088388812395192e-49
7.291769482894498e0	7.705301333209286e-49
7.298707222065534e0	8.369834094660872e-49
7.30564496123657e0	9.085126736544527e-49
7.3125827004076065e0	9.8544825326508e-49
7.319520439578643e0	1.0681373702210033e-48
7.326458178749679e0	1.1569446664691358e-48
7.333395917920715e0	1.2522527217864922e-48
7.340333657091751e0	1.3544625617970844e-48
7.347271396262787e0	1.4639941539791593e-48
7.354209135433823e0	1.5812868893391646e-48
7.361146874604859e0	1.706800047328698e-48
7.3680846137758955e0	1.841013241484142e-48
7.375022352946932e0	1.9844268431744465e-48
7.381960092117968e0	2.1375623807541738e-48
7.388897831289004e0	2.3009629113345782e-48
7.39583557046004e0	2.475193362307189e-48
7.402773309631076e0	2.6608408396821583e-48
7.409711048802112e0	2.858514900237733e-48
7.416648787973148e0	3.068847784419627e-48
7.4235865271441845e0	3.292494606879206e-48
7.430524266315221e0	3.5301335014971635e-48
7.437462005486257e0	3.782465717708729e-48
7.444399744657293e0	4.050215664922879e-48
7.451337483828329e0	4.334130901817776e-48
7.458275222999365e0	4.634982067292017e-48
7.465212962170401e0	4.953562749864016e-48
7.472150701341437e0	5.290689292333776e-48
7.479088440512474e0	5.647200528556282e-48
7.48602617968351e0	6.023957449225002e-48
7.492963918854546e0	6.421842793624733e-48
7.499901658025582e0	6.84176056439016e-48
7.506839397196618e0	7.284635462393114e-48
7.513777136367654e0	7.751412238988595e-48
7.52071487553869e0	8.243054962965651e-48
7.5276526147097265e0	8.760546199684758e-48
7.534590353880763e0	9.304886100028759e-48
7.541528093051799e0	9.877091396958775e-48
7.548465832222835e0	1.0478194307647253e-47
7.555403571393871e0	1.1109241339347404e-47
7.562341310564907e0	1.1771291997371827e-47
7.569279049735943e0	1.246541739377272e-47
7.576216788906979e0	1.3192698755552708e-47
7.5831545280780155e0	1.395422583148793e-47
7.597030006420081e0	1.5584408456052076e-47
7.610905484762146e0	1.736478671390253e-47
7.624780963104211e0	1.9304199259076375e-47
7.638656441446276e0	2.1411433020985185e-47
7.652531919788341e0	2.369514790717224e-47
7.666407398130406e0	2.616379536085973e-47
7.6802828764724715e0	2.882553108492979e-47
7.69068948522902e0	3.095323687820303e-47
7.704564963571086e0	3.3971278437412636e-47
7.718440441913151e0	3.7202537434236563e-47
7.732315920255216e0	4.065319689780988e-47
7.746191398597281e0	4.432866515699825e-47
7.760066876939346e0	4.823346586314854e-47
7.773942355281411e0	5.237112676916409e-47
7.7878178336234765e0	5.674406828900767e-47
7.801693311965542e0	6.135349293417268e-47
7.815568790307607e0	6.619927678701061e-47
7.829444268649672e0	7.127986422376152e-47
7.843319746991737e0	7.659216714141759e-47
7.857195225333802e0	8.213146997108034e-47
7.8780084428469e0	9.085149256655722e-47
7.90575939953103e0	1.0319742478587595e-46
7.9335103562151605e0	1.1627534664289706e-46
7.961261312899291e0	1.299572899692112e-46
8.00288774792549e0	1.5125338006423912e-46
8.07226513963582e0	1.870513127983579e-46
8.110422705076498e0	2.056868569509411e-46
8.138173661760629e0	2.1821292173364493e-46
8.165924618444759e0	2.2952712508296914e-46
8.19367557512889e0	2.3931695731799317e-46
8.22142653181302e0	2.4727468290374245e-46
8.24917748849715e0	2.531057834990052e-46
8.27692844518128e0	2.565376316575783e-46
8.30467940186541e0	2.5732812517431993e-46
8.33243035854954e0	2.5527400064914836e-46
8.360181315233671e0	2.5021854391809074e-46
8.387932271917801e0	2.4205842480739057e-46
8.415683228601932e0	2.3074940396536993e-46
8.443434185286062e0	2.1631068962120842e-46
8.469450707177435e0	2.0000707574359412e-46
8.483326185519507e0	1.9025836337353837e-46
8.49720166386158e0	1.7980778992818856e-46
8.511077142203652e0	1.6868439209780755e-46
8.524952620545724e0	1.5692125970514407e-46
8.538828098887796e0	1.4455542256751318e-46
8.552703577229869e0	1.3162771009999566e-46
8.56657905557194e0	1.181825843749101e-46
8.580454533914013e0	1.0426794756180301e-46
8.594330012256085e0	8.993492487323407e-47
8.608205490598158e0	7.523762433295817e-47
8.62208096894023e0	6.023287486296786e-47
8.635956447282302e0	4.497994435289802e-47
8.649831925624374e0	2.9540239528006077e-47
8.663707403966447e0	1.3976989569205092e-47
8.677582882308519e0	-1.6450844405519242e-48
8.691458360650591e0	-1.7260112065845873e-47
8.705333838992663e0	-3.280142580124196e-47
8.719209317334736e0	-4.820192075670121e-47
8.733084795676808e0	-6.339441936807821e-47
8.74696027401888e0	-7.831203872589984e-47
8.760835752360952e0	-9.288855810567043e-47
8.774711230703025e0	-1.0705878429180145e-46
8.788586709045097e0	-1.2075891231452237e-46
8.80246218738717e0	-1.3392687926430556e-46
8.816337665729241e0	-1.4650270891081738e-46
8.830213144071314e0	-1.584288449321626e-46
8.844088622413386e0	-1.6965047065463587e-46
8.857964100755458e0	-1.801158133119433e-46
8.87183957909753e0	-1.8977643095505033e-46
8.885715057439603e0	-1.9858748027802793e-46
8.899590535781675e0	-2.0650796377028472e-46
8.913466014123747e0	-2.1350095476000813e-46
8.92734149246582e0	-2.1953379907622737e-46
8.941216970807892e0	-2.245782922258629e-46
8.955092449149964e0	-2.286108311564754e-46
8.968967927492036e0	-2.316125398533835e-46
8.982843405834108e0	-2.335693681998963e-46
8.99671888417618e0	-2.3447216371061985e-46
9.010594362518253e0	-2.343167159282105e-46
9.024469840860325e0	-2.3310377345260823e-46
9.038345319202397e0	-2.3083903374726235e-46
9.05222079754447e0	-2.275331060379082e-46
9.066096275886542e0	-2.232014477850536e-46
9.079971754228614e0	-2.1786427537023385e-46
9.093847232570687e0	-2.1154644978756355e-46
9.107722710912759e0	-2.042773382748785e-46
9.121598189254831e0	-1.960906529524318e-46
9.135473667596903e0	-1.8702426766076286e-46
9.149349145938976e0	-1.7712001430237987e-46
9.163224624281048e0	-1.6642346009385395e-46
9.17710010262312e0	-1.5498366722538868e-46
9.190975580965192e0	-1.428529365036487e-46
9.204851059307265e0	-1.3008653662026718e-46
9.218726537649337e0	-1.1674242074308644e-46
9.232602015991409e0	-1.0288093216956296e-46
9.246477494333481e0	-8.85645008122851e-47
9.260352972675554e0	-7.385733230499174e-47
9.274228451017626e0	-5.882509152439521e-47
9.288103929359698e0	-4.353458231863861e-47
9.30197940770177e0	-2.8053425217798544e-47
9.315854886043843e0	-1.2449734875935222e-47
9.329730364385915e0	3.208201041733083e-48
9.343605842727987e0	1.8852239858333817e-47
9.35748132107006e0	3.4414697157523056e-47
9.371356799412132e0	4.982865377677906e-47
9.385232277754204e0	6.502825504018943e-47
9.399107756096276e0	7.994900082590544e-47
9.412983234438348e0	9.452802514636353e-47
9.42685871278042e0	1.0870436400766161e-46
9.440734191122493e0	1.2241921040747919e-46
9.454609669464565e0	1.3561615542776477e-46
9.468485147806637e0	1.4824141447848125e-46
9.48236062614871e0	1.6024403785127335e-46
9.496236104490782e0	1.7157610484608406e-46
9.510111582832854e0	1.8219290083909704e-46
9.523987061174926e0	1.9205307676603262e-46
9.537862539516999e0	2.011187906002018e-46
9.551738017859071e0	2.0935583050922894e-46
9.565613496201143e0	2.167337194772973e-46
9.579488974543215e0	2.2322580128074632e-46
9.593364452885288e0	2.2880930780322118e-46
9.60723993122736e0	2.334654077719406e-46
9.621115409569432e0	2.371792370884685e-46
9.634990887911504e0	2.3993991101529325e-46
9.648866366253577e0	2.4174051856335107e-46
9.662741844595649e0	2.4257809950466722e-46
9.676617322937721e0	2.424536045086757e-46
9.690492801279794e0	2.413718389699813e-46
9.704368279621866e0	2.3934139115926253e-46
9.718243757963938e0	2.3637454538763193e-46
9.73211923630601e0	2.3248718092768416e-46
9.745994714648083e0	2.2769865748189886e-46
9.759870192990155e0	2.2203168803079315e-46
9.773745671332227e0	2.1551219992922386e-46
9.7876211496743e0	2.0816918514977133e-46
9.801496628016372e0	2.0003454059685394e-46
9.815372106358444e0	1.911428994347169e-46
9.829247584700516e0	1.8153145438632527e-46
9.843123063042588e0	1.7123977396902755e-46
9.85699854138466e0	1.6030961263650335e-46
9.870874019726733e0	1.4878471579536214e-46
9.884749498068805e0	1.3671062065887436e-46
9.898624976410877e0	1.2413445388998407e-46
9.91250045475295e0	1.1110472697126812e-46
9.926375933095022e0	9.767113022094466e-47
9.940251411437094e0	8.3884326351858245e-47
9.954126889779166e0	6.979574444465899e-47
9.968002368121239e0	5.545737517758105e-47
9.981877846463311e0	4.0921568123465985e-47
9.995753324805383e0	2.6240831890321397e-47
1.0009628803147455e1	1.1467637845010935e-47
1.0023504281489528e1	-3.345771879087558e-48
1.00373797598316e1	-1.8147571430172224e-47
1.0051255238173672e1	-3.28865327235996e-47
1.0065130716515744e1	-4.751220079000522e-47
1.0079006194857817e1	-6.197506245527882e-47
1.0092881673199889e1	-7.62267078666924e-47
1.0106757151541961e1	-9.021998442496857e-47
1.0120632629884033e1	-1.0390914272777126e-46
1.0134508108226106e1	-1.172499741758514e-46
1.0148383586568178e1	-1.3019993993860177e-46
1.016225906491025e1	-1.427182910208998e-46
1.0176134543252322e1	-1.5476617921765587e-46
1.0190010021594395e1	-1.6630675878624733e-46
1.0203885499936467e1	-1.773052787098224e-46
1.021776097827854e1	-1.8772916546617227e-46
1.0231636456620611e1	-1.9754809625736854e-46
1.0245511934962684e1	-2.067340626944536e-46
1.0259387413304756e1	-2.152614249690976e-46
1.0273262891646828e1	-2.2310695658015676e-46
1.02871383699889e1	-2.3024987971750793e-46
1.0301013848330973e1	-2.3667189143803354e-46
1.0314889326673045e1	-2.4235718079947092e-46
1.0328764805015117e1	-2.4729243714678277e-46
1.034264028335719e1	-2.5146684977261064e-46
1.0356515761699262e1	-2.5487209919846514e-46
1.0370391240041334e1	-2.5750234034640352e-46
1.0384266718383406e1	-2.5935417789196127e-46
1.0398142196725479e1	-2.6042663410826628e-46
1.041201767506755e1	-2.6072110952838396e-46
1.0425893153409623e1	-2.6024133676807624e-46
1.0439768631751695e1	-2.589933278644015e-46
1.0453644110093768e1	-2.5698531549700267e-46
1.046751958843584e1	-2.5422768846820044e-46
1.0481395066777912e1	-2.5073292182586917e-46
1.0495270545119984e1	-2.4651550201879287e-46
1.0509146023462057e1	-2.415918474784299e-46
1.0523021501804129e1	-2.3598022502349555e-46
1.0536896980146201e1	-2.297006624847107e-46
1.0550772458488273e1	-2.227748579464727e-46
1.0564647936830346e1	-2.1522608600006643e-46
1.0578523415172418e1	-2.070791013997167e-46
1.059239889351449e1	-1.983600405080215e-46
1.0606274371856562e1	-1.8909632091130026e-46
1.0620149850198635e1	-1.7931653957837154e-46
1.0634025328540707e1	-1.6905036992809201e-46
1.064790080688278e1	-1.5832845816181063e-46
1.0661776285224851e1	-1.4718231920690504e-46
1.0675651763566924e1	-1.3564423260668299e-46
1.0689527241908996e1	-1.2374713868028918e-46
1.0703402720251068e1	-1.115245352639963e-46
1.071727819859314e1	-9.9010375332404e-47
1.0731153676935213e1	-8.623896578462852e-47
1.0745029155277285e1	-7.32448676668172e-47
1.0758904633619357e1	-6.006279808803429e-47
1.077278011196143e1	-4.672753407212265e-47
1.079359332947453e1	-2.65133667792539e-47
1.0821344286158661e1	6.520692083765356e-49
1.0849095242842791e1	2.781160326431551e-47
1.0876846199526922e1	5.469944542112185e-47
1.0904597156211052e1	8.105904170020838e-47
1.0932348112895182e1	1.0664532082491791e-46
1.0960099069579313e1	1.3122671221282874e-46
1.0987850026263443e1	1.5458692667386726e-46
1.1015600982947573e1	1.765264946002991e-46
1.1043351939631703e1	1.968640595884689e-46
1.1071102896315834e1	2.1543742835708877e-46
1.1098853852999964e1	2.3210438050581625e-46
1.1126604809684094e1	2.467432440784034e-46
1.1154355766368225e1	2.5925324504941196e-46
1.1182106723052355e1	2.695546407393052e-46
1.1209857679736485e1	2.77588648780401e-46
1.1237608636420616e1	2.8331718461013768e-46
1.1265359593104746e1	2.8672242156540436e-46
1.1293110549788876e1	2.8780618850275027e-46
1.1320861506473006e1	2.8658922048579175e-46
1.1348612463157137e1	2.831102784774385e-46
1.1376363419841267e1	2.774251541655079e-46
1.1404114376525397e1	2.6960557605277953e-46
1.1431865333209528e1	2.597380327731627e-46
1.1459616289893658e1	2.479225292722602e-46
1.1487367246577788e1	2.3427129103044604e-46
1.1515118203261919e1	2.1890743092747294e-46
1.1542869159946049e1	2.0196359266644478e-46
1.157062011663018e1	1.835805839085897e-46
1.159837107331431e1	1.639060114346079e-46
1.162612202999844e1	1.4309292975847968e-46
1.165387298668257e1	1.212985136899817e-46
1.16816239433667e1	9.868276438608599e-47
1.170937490005083e1	7.540725746112459e-47
1.1737125856734961e1	5.163394075234375e-47
1.1764876813419091e1	2.7523988371502857e-47
1.1792627770103222e1	3.236716723442675e-48
1.1820378726787352e1	-2.1071432752910025e-47
1.1848129683471482e1	-4.52478402598407e-47
1.1875880640155613e1	-6.91445807282736e-47
1.1903631596839743e1	-9.261922112813876e-47
1.1931382553523873e1	-1.1553554058136298e-46
1.1959133510208003e1	-1.3776417257673695e-46
1.1986884466892134e1	-1.5918316925396165e-46
1.2014635423576264e1	-1.796784883388982e-46
1.2042386380260394e1	-1.9914440387277233e-46
1.2070137336944525e1	-2.1748384238439593e-46
1.2097888293628655e1	-2.346086466066582e-46
1.2125639250312785e1	-2.5043976923748443e-46
1.2153390206996916e1	-2.6490739959222986e-46
1.2181141163681046e1	-2.7795102629079185e-46
1.2195016642023111e1	-2.8392247294613842e-46
1.2222767598707241e1	-2.947369686517005e-46
1.2250518555391372e1	-3.0401674126460884e-46
1.2278269512075502e1	-3.1173347892147266e-46
1.2306020468759632e1	-3.178677547199162e-46
1.2333771425443762e1	-3.224088026058742e-46
1.2361522382127893e1	-3.253542538168853e-46
1.2389273338812023e1	-3.267098378655422e-46
1.2417024295496153e1	-3.2648905201089376e-46
1.2444775252180284e1	-3.2471280310323167e-46
1.2472526208864414e1	-3.2140902560214228e-46
1.2500277165548544e1	-3.166122794614962e-46
1.2528028122232675e1	-3.1036333145090217e-46
1.2555779078916805e1	-3.0270872334383226e-46
1.2583530035600935e1	-2.9370033025007024e-46
1.2611280992285065e1	-2.833949122069829e-46
1.2639031948969196e1	-2.718536619723604e-46
1.2666782905653326e1	-2.5914175178339187e-46
1.2694533862337456e1	-2.453278816633703e-46
1.2722284819021587e1	-2.3048383167194076e-46
1.2750035775705717e1	-2.146840203073829e-46
1.2777786732389847e1	-1.980050710825748e-46
1.2805537689073978e1	-1.8052538911048303e-46
1.2833288645758108e1	-1.6232474935215124e-46
1.2861039602442238e1	-1.43483898000712e-46
1.2888790559126369e1	-1.2408416830021384e-46
1.2916541515810499e1	-1.0420711192867486e-46
1.2944292472494629e1	-8.393414691143172e-47
1.297204342917876e1	-6.334622287417823e-47
1.299979438586289e1	-4.252350429549337e-47
1.302754534254702e1	-2.154507227659774e-47
1.305529629923115e1	-4.886452117531039e-49
1.308304725591528e1	2.056968138356378e-47
1.3110798212599411e1	4.1555675747805717e-47
1.3138549169283541e1	6.239719142290605e-47
1.3166300125967672e1	8.302436955116219e-47
1.3194051082651802e1	1.033698220860666e-46
1.3221802039335932e1	1.2336879616939964e-46
1.3249552996020062e1	1.4295932000468043e-46
1.3277303952704193e1	1.6208233062721813e-46
1.3305054909388323e1	1.806817840336596e-46
1.3332805866072453e1	1.9870474818937012e-46
1.3360556822756584e1	2.1610147948052117e-46
1.3388307779440714e1	2.3282548321960015e-46
1.3416058736124844e1	2.488335588485983e-46
1.3443809692808975e1	2.6408583051367312e-46
1.3471560649493105e1	2.785457637089042e-46
1.3499311606177235e1	2.9218016870531794e-46
1.3527062562861365e1	3.04959191494726e-46
1.3554813519545496e1	3.1685629298681567e-46
1.3582564476229626e1	3.278482172024564e-46
1.3610315432913756e1	3.3791494920651893e-46
1.3638066389597887e1	3.4703966352050416e-46
1.3665817346282017e1	3.5520866374853344e-46
1.3693568302966147e1	3.624113141407815e-46
1.3721319259650278e1	3.686399638059832e-46
1.3749070216334408e1	3.738898642699305e-46
1.3776821173018538e1	3.781590810598002e-46
1.3804572129702668e1	3.8144839997518314e-46
1.3832323086386799e1	3.837612286864066e-46
1.388782499975506e1	3.854835373340142e-46
1.394332691312332e1	3.834017304993779e-46
1.399882882649158e1	3.7762661384896134e-46
1.4054330739859841e1	3.6830044667866984e-46
1.4109832653228102e1	3.555932570853926e-46
1.4165334566596362e1	3.3969915569455682e-46
1.4220836479964623e1	3.2083269609102818e-46
1.4276338393332884e1	2.9922532355016264e-46
1.4331840306701144e1	2.7512194735544493e-46
1.4387342220069405e1	2.487776659916431e-46
1.4442844133437665e1	2.2045466887332046e-46
1.4498346046805926e1	1.904193330467926e-46
1.4553847960174187e1	1.5893952851508775e-46
1.4609349873542447e1	1.262821414928564e-46
1.4664851786910708e1	9.271082100565969e-47
1.4720353700278968e1	5.84839507996502e-47
1.4775855613647229e1	2.3852845512096556e-47
1.483135752701549e1	-1.0939832547405367e-47
1.488685944038375e1	-4.56614418621653e-47
1.494236135375201e1	-8.009052311531642e-47
1.4997863267120271e1	-1.1401776272959402e-46
1.5053365180488532e1	-1.4724676891293523e-46
1.5108867093856793e1	-1.7959467147905893e-46
1.5164369007225053e1	-2.1089255735133608e-46
1.5219870920593314e1	-2.4098575406826604e-46
1.5275372833961574e1	-2.697339738171715e-46
1.5330874747329835e1	-2.9701133055472763e-46
1.5386376660698096e1	-3.227062426536992e-46
1.5441878574066356e1	-3.467212332674375e-46
1.5497380487434617e1	-3.6897264024838295e-46
1.5552882400802877e1	-3.893902470139338e-46
1.5608384314171138e1	-4.079168452401434e-46
1.5663886227539399e1	-4.2450773969669074e-46
1.571938814090766e1	-4.391302049300714e-46
1.577489005427592e1	-4.517629028683991e-46
1.583039196764418e1	-4.6239526977210695e-46
1.5885893881012441e1	-4.710268802994123e-46
1.5941395794380702e1	-4.7766679580243835e-46
1.5996897707748962e1	-4.8233290332621434e-46
1.6052399621117225e1	-4.850512511543453e-46
1.6107901534485485e1	-4.858553861366491e-46
1.6163403447853746e1	-4.847856974498472e-46
1.6218905361222006e1	-4.81888770884989e-46
1.6274407274590267e1	-4.772167572271597e-46
1.6329909187958528e1	-4.708267577959204e-46
1.638541110132679e1	-4.627802297496938e-46
1.644091301469505e1	-4.531424133243717e-46
1.649641492806331e1	-4.419817827762211e-46
1.655191684143157e1	-4.293695224307974e-46
1.660741875479983e1	-4.15379028903101e-46
1.666292066816809e1	-4.00085440248256e-46
1.6718422581536352e1	-3.8356519252570564e-46
1.6773924494904612e1	-3.658956040119497e-46
1.6829426408272873e1	-3.471544870761224e-46
1.6884928321641134e1	-3.2741978753736815e-46
1.6940430235009394e1	-3.0676925115170032e-46
1.6995932148377655e1	-2.852801167275082e-46
1.7051434061745915e1	-2.6302883524111394e-46
1.7106935975114176e1	-2.4009081421558162e-46
1.71971265843376e1	-2.0154230367868243e-46
1.730813041107412e1	-1.5233298073553864e-46
1.7419134237810642e1	-1.0169122732396238e-46
1.7530138064547163e1	-5.013522485438675e-47
1.7641141891283684e1	1.8528599630329572e-48
1.7752145718020206e1	5.382912203589879e-47
1.7863149544756727e1	1.0538923307946827e-46
1.7974153371493248e1	1.5616895480757615e-46
1.808515719822977e1	2.058439727213771e-46
1.819616102496629e1	2.541291644870263e-46
1.830716485170281e1	3.0077740737442855e-46
1.8418168678439333e1	3.455780192493346e-46
1.8529172505175854e1	3.883549175281123e-46
1.8640176331912375e1	4.28964570593817e-46
1.8751180158648896e1	4.672938066394933e-46
1.8862183985385418e1	5.032575358967721e-46
1.897318781212194e1	5.367964338240449e-46
1.908419163885846e1	5.6787462512791944e-46
1.919519546559498e1	5.964774015025447e-46
1.9306199292331502e1	6.2260899969875446e-46
1.9417203119068024e1	6.4629046096290835e-46
1.9528206945804545e1	6.6755758798696594e-46
1.9639210772541066e1	6.8645901124821675e-46
1.9750214599277587e1	7.030543729455883e-46
1.986121842601411e1	7.174126336118298e-46
1.997222225275063e1	7.29610503847607e-46
2.008322607948715e1	7.397310014353706e-46
2.0194229906223672e1	7.478621322999516e-46
2.0416237559696743e1	7.585261860465595e-46
2.063764500555972e1	7.585261860465595e-46
2.0669191347283892e1	7.585745796010761e-46
2.0700737689008065e1	7.585036086113082e-46
2.0732284030732238e1	7.583154823971539e-46
2.076383037245641e1	7.580124044423818e-46
2.0795376714180584e1	7.575965713541499e-46
2.0826923055904757e1	7.570701718654202e-46
2.085846939762893e1	7.56435385879307e-46
2.0890015739353103e1	7.556943835544001e-46
2.0921562081077276e1	7.548493244301069e-46
2.095310842280145e1	7.539023565910596e-46
2.0984654764525622e1	7.528556158696466e-46
2.1016201106249795e1	7.517112250857324e-46
2.104774744797397e1	7.504712933226328e-46
2.107929378969814e1	7.491379152384291e-46
2.1110840131422314e1	7.47713170411705e-46
2.1142386473146487e1	7.461991227208083e-46
2.117393281487066e1	7.445978197557433e-46
2.1205479156594834e1	7.429112922618117e-46
2.1237025498319007e1	7.411415536141366e-46
2.126857184004318e1	7.392905993221963e-46
2.1300118181767353e1	7.373604065635385e-46
2.1331664523491526e1	7.353529337458313e-46
2.13632108652157e1	7.332701200964204e-46
2.139475720693987e1	7.311138852785935e-46
2.1426303548664045e1	7.288861290337517e-46
2.1457849890388218e1	7.26588730848701e-46
2.148939623211239e1	7.242235496472919e-46
2.1520942573836564e1	7.217924235056472e-46
2.1552488915560737e1	7.192971693902432e-46
2.158403525728491e1	7.167395829181008e-46
2.1615581599009083e1	7.141214381383802e-46
2.1647127940733256e1	7.114444873346654e-46
2.167867428245743e1	7.087104608472558e-46
2.1710220624181602e1	7.059210669147874e-46
2.1741766965905775e1	7.030779915345172e-46
2.1773313307629948e1	7.0018289834062875e-46
2.180485964935412e1	6.972374284999195e-46
2.1836405991078294e1	6.9424320062425e-46
2.1867952332802467e1	6.912018106991467e-46
2.189949867452664e1	6.88114832027963e-46
2.1931045016250813e1	6.849838151910262e-46
2.1962591357974986e1	6.818102880191897e-46
2.199413769969916e1	6.785957555812466e-46
2.2025684041423332e1	6.7534170018466005e-46
2.2057230383147505e1	6.720495813890857e-46
2.212032306659585e1	6.653568782671056e-46
2.2183415750044198e1	6.585288690096473e-46
2.2246508433492544e1	6.5157641527607896e-46
2.230960111694089e1	6.445100199847305e-46
2.2372693800389236e1	6.3733983030930045e-46
2.2435786483837582e1	6.300756412264047e-46
2.2498879167285928e1	6.227268995630663e-46
2.2561971850734274e1	6.153027084957689e-46
2.262506453418262e1	6.078118324554574e-46
2.2688157217630966e1	6.002627023955071e-46
2.2751249901079312e1	5.926634213822547e-46
2.2814342584527658e1	5.850217704701199e-46
2.2877435267976004e1	5.77345214825716e-46
2.294052795142435e1	5.69640910067612e-46
2.306671331832104e1	5.541761672450967e-46
2.3192898685217727e1	5.386788475997575e-46
2.3319084052114416e1	5.231957353272753e-46
2.3445269419011105e1	5.0776931753490876e-46
2.350836210245945e1	5.000895270963303e-46
2.3571454785907797e1	4.924380110083661e-46
2.3634547469356143e1	4.848189726233157e-46
2.369764015280449e1	4.772363891861136e-46
2.3760732836252835e1	4.696940188046603e-46
2.382382551970118e1	4.621954073558576e-46
2.3886918203149527e1	4.547438953174664e-46
2.3950010886597873e1	4.473426245168674e-46
2.401310357004622e1	4.399945447887238e-46
2.4076196253494565e1	4.327024205344063e-46
2.413928893694291e1	4.254688371768357e-46
2.4202381620391257e1	4.1829620750515435e-46
2.4265474303839603e1	4.111867779043409e-46
2.4297020645563776e1	4.076564211308347e-46
2.432856698728795e1	4.04142634465537e-46
2.4360113329012123e1	4.006456546062484e-46
2.4391659670736296e1	3.971657089739632e-46
2.442320601246047e1	3.937030158930462e-46
2.445475235418464e1	3.902577847693816e-46
2.4486298695908815e1	3.868302162664844e-46
2.4517845037632988e1	3.8342050247955496e-46
2.454939137935716e1	3.8002882710746974e-46
2.4580937721081334e1	3.766553656226971e-46
2.4612484062805507e1	3.733002854391298e-46
2.464403040452968e1	3.699637460778262e-46
2.4675576746253853e1	3.666458993306583e-46
2.4707123087978026e1	3.63346889421858e-46
2.47386694297022e1	3.600668531674644e-46
2.4770215771426372e1	3.5680592013266606e-46
2.4801762113150545e1	3.53564212787041e-46
2.4833308454874718e1	3.5034184665769564e-46
2.486485479659889e1	3.4713893048030226e-46
2.4896401138323064e1	3.439555663480421e-46
2.4927947480047237e1	3.4079184985845624e-46
2.495949382177141e1	3.37647870258208e-46
2.4991040163495583e1	3.3452371058576725e-46
2.5022586505219756e1	3.314194478120202e-46
2.505413284694393e1	3.2833515297881594e-46
2.5085679188668102e1	3.2527089133545486e-46
2.5117225530392275e1	3.222267224731298e-46
2.514877187211645e1	3.192027004573342e-46
2.518031821384062e1	3.1619887395824056e-46
2.5211864555564794e1	3.1321528637906763e-46
2.5243410897288967e1	3.10251975982446e-46
2.527495723901314e1	3.0730897601479508e-46
2.5306503580737314e1	3.04386314828724e-46
2.5338049922461487e1	3.0148401600347306e-46
2.536959626418566e1	2.986020984634064e-46
2.5401142605909833e1	2.9574057659457436e-46
2.5432688947634006e1	2.9289946035935877e-46
2.546423528935818e1	2.900787554092173e-46
2.549578163108235e1	2.872784631955438e-46
2.5527327972806525e1	2.8449858107866028e-46
2.5558874314530698e1	2.817391024349574e-46
2.559042065625487e1	2.7900001676220125e-46
2.5621966997979044e1	2.7628130978302345e-46
2.5653513339703217e1	2.735829635466112e-46
2.568505968142739e1	2.7090495652861816e-46
2.5716606023151563e1	2.6824726372930935e-46
2.5748152364875736e1	2.6560985676996534e-46
2.577969870659991e1	2.6299270398755753e-46
2.5811245048324082e1	2.603957705277163e-46
2.5842791390048255e1	2.578190184360116e-46
2.5874337731772428e1	2.5526240674756345e-46
2.59058840734966e1	2.527258915750027e-46
2.5937430415220774e1	2.502094261947983e-46
2.5968976756944947e1	2.4771296113197535e-46
2.600052309866912e1	2.4523644424323864e-46
2.6032069440393293e1	2.427798207985236e-46
2.6063615782117466e1	2.403430335609929e-46
2.609516212384164e1	2.379260228654994e-46
2.6126708465565812e1	2.355287266955332e-46
2.6158254807289985e1	2.3315108075867377e-46
2.618980114901416e1	2.307930185605666e-46
2.622134749073833e1	2.284544714774426e-46
2.6252893832462505e1	2.2613536882720026e-46
2.6284440174186678e1	2.2383563793907146e-46
2.631598651591085e1	2.215552042218879e-46
2.6347532857635024e1	2.1929399123096866e-46
2.6379079199359197e1	2.170519207336483e-46
2.641062554108337e1	2.1482891277346438e-46
2.6442171882807543e1	2.1262488573302315e-46
2.6473718224531716e1	2.1043975639556317e-46
2.650526456625589e1	2.082734400052358e-46
2.6536810907980062e1	2.0612585032611938e-46
2.6568357249704235e1	2.0399689969999003e-46
2.6599903591428408e1	2.0188649910286222e-46
2.663144993315258e1	1.9979455820032227e-46
2.6662996274876754e1	1.9772098540167073e-46
2.6694542616600927e1	1.956656879128929e-46
2.67260889583251e1	1.9362857178847445e-46
2.6757635300049273e1	1.9160954198208154e-46
2.6789181641773446e1	1.8960850239612197e-46
2.682072798349762e1	1.8762535593020613e-46
2.6852274325221792e1	1.8566000452852528e-46
2.6883820666945965e1	1.8371234922616273e-46
2.6915367008670138e1	1.817822901943581e-46
2.694691335039431e1	1.79869726784739e-46
2.6978459692118484e1	1.779745575725395e-46
2.7010006033842657e1	1.760966803988197e-46
2.704155237556683e1	1.7423599241170546e-46
2.7073098717291003e1	1.7239239010666253e-46
2.7104645059015176e1	1.7056576936582291e-46
2.713619140073935e1	1.6875602549637888e-46
2.7167737742463522e1	1.6696305326806083e-46
2.7199284084187695e1	1.6518674694971475e-46
2.723083042591187e1	1.6342700034499434e-46
2.726237676763604e1	1.6168370682718432e-46
2.7293923109360215e1	1.5995675937316913e-46
2.7325469451084388e1	1.5824605059656223e-46
2.735701579280856e1	1.5655147278001163e-46
2.7388562134532734e1	1.5487291790669617e-46
2.7420108476256907e1	1.5321027769102551e-46
2.745165481798108e1	1.515634436085608e-46
2.7483201159705253e1	1.4993230692516844e-46
2.7514747501429426e1	1.4831675872542163e-46
2.75462938431536e1	1.4671668994026266e-46
2.7577840184877772e1	1.451319913739408e-46
2.7609386526601945e1	1.4356255373023863e-46
2.7640932868326118e1	1.420082676380005e-46
2.767247921005029e1	1.4046902367597515e-46
2.7704025551774464e1	1.3894471239698691e-46
2.7735571893498637e1	1.3743522435144755e-46
2.776711823522281e1	1.3594045011022069e-46
2.7798664576946983e1	1.3446028028685288e-46
2.7830210918671156e1	1.3299460555918172e-46
2.786175726039533e1	1.3154331669033456e-46
2.7893303602119502e1	1.3010630454912905e-46
2.7924849943843675e1	1.2868346012988662e-46
2.795639628556785e1	1.2727467457167224e-46
2.798794262729202e1	1.2587983917696995e-46
2.8019488969016194e1	1.2449884542980666e-46
2.8051035310740367e1	1.2313158501333439e-46
2.808258165246454e1	1.2177794982688248e-46
2.8114127994188713e1	1.2043783200249034e-46
2.8145674335912886e1	1.1911112392093156e-46
2.817722067763706e1	1.1779771822723844e-46
2.8208767019361233e1	1.1649750784573934e-46
2.8240313361085406e1	1.1521038599461691e-46
2.827185970280958e1	1.1393624619999876e-46
2.830340604453375e1	1.1267498230958918e-46
2.8334952386257925e1	1.114264885058519e-46
2.8366498727982098e1	1.1019065931875335e-46
2.839804506970627e1	1.0896738963807581e-46
2.8429591411430444e1	1.0775657472531003e-46
2.8461137753154617e1	1.06558110225135e-46
2.849268409487879e1	1.053718921764953e-46
2.8524230436602963e1	1.0419781702328346e-46
2.8555776778327136e1	1.0303578162463693e-46
2.858732312005131e1	1.0188568326485718e-46
2.8618869461775482e1	1.0074741966296012e-46
2.8650415803499655e1	9.962088898186492e-47
2.8681962145223828e1	9.850598983723039e-47
2.8713508486948e1	9.740262130594597e-47
2.8745054828672174e1	9.63106829342854e-47
2.8776601170396347e1	9.523007474573052e-47
2.880814751212052e1	9.416069724847252e-47
2.8839693853844693e1	9.310245144259891e-47
2.8871240195568866e1	9.205523882697192e-47
2.890278653729304e1	9.101896140580639e-47
2.8934332879017212e1	8.999352169495444e-47
2.8965879220741385e1	8.897882272790275e-47
2.899742556246556e1	8.797476806148966e-47
2.902897190418973e1	8.6981261781348825e-47
2.9060518245913904e1	8.59982085070856e-47
2.9092064587638077e1	8.502551339719304e-47
2.912361092936225e1	8.406308215371245e-47
2.9155157271086424e1	8.311082102664659e-47
2.9186703612810597e1	8.216863681812994e-47
2.921824995453477e1	8.123643688636254e-47
2.9249796296258943e1	8.031412914931295e-47
2.9281342637983116e1	7.940162208819659e-47
2.931288897970729e1	7.849882475073418e-47
2.934443532143146e1	7.760564675419641e-47
2.9375981663155635e1	7.672199828824005e-47
2.9407528004879808e1	7.584779011754076e-47
2.943907434660398e1	7.498293358422743e-47
2.9470620688328154e1	7.412734061012379e-47
2.9502167030052327e1	7.328092369880143e-47
2.95337133717765e1	7.24435959374498e-47
2.9565259713500673e1	7.1615270998567955e-47
2.9596806055224846e1	7.079586314148196e-47
2.962835239694902e1	6.998528721369326e-47
2.9659898738673192e1	6.918345865206258e-47
2.9691445080397365e1	6.839029348383342e-47
2.9722991422121538e1	6.760570832749928e-47
2.975453776384571e1	6.682962039351934e-47
2.9786084105569884e1	6.606194748488671e-47
2.9817630447294057e1	6.530260799755288e-47
2.984917678901823e1	6.455152092071289e-47
2.9880723130742403e1	6.380860583695465e-47
2.9912269472466576e1	6.307378292227659e-47
2.994381581419075e1	6.234697294597745e-47
2.9975362155914922e1	6.162809727042128e-47
3.0006908497639095e1	6.091707785068197e-47
3.003845483936327e1	6.021383723407053e-47
3.007000118108744e1	5.951829855954838e-47
3.0101547522811614e1	5.883038555703048e-47
3.0133093864535788e1	5.81500225465811e-47
3.016464020625996e1	5.747713443750594e-47
3.0196186547984134e1	5.681164672734342e-47
3.0227732889708307e1	5.615348550075833e-47
3.025927923143248e1	5.550257742834103e-47
3.0290825573156653e1	5.485884976531485e-47
3.0322371914880826e1	5.422223035015509e-47
3.0353918256605e1	5.359264760312187e-47
3.0385464598329172e1	5.297003052471018e-47
3.0417010940053345e1	5.235430869401938e-47
3.0448557281777518e1	5.174541226704515e-47
3.048010362350169e1	5.114327197489641e-47
3.0511649965225864e1	5.054781912193941e-47
3.0543196306950037e1	4.995898558387211e-47
3.057474264867421e1	4.937670380573086e-47
3.0606288990398383e1	4.880090679983181e-47
3.0637835332122556e1	4.823152814364931e-47
3.066938167384673e1	4.76685019776341e-47
3.0700928015570902e1	4.711176300297258e-47
3.0732474357295075e1	4.656124647929015e-47
3.0764020699019248e1	4.601688822230042e-47
3.079556704074342e1	4.547862460140228e-47
3.0827113382467594e1	4.494639253722704e-47
3.0858659724191767e1	4.442012949913767e-47
3.089020606591594e1	4.389977350268167e-47
3.0921752407640113e1	4.3385263106999893e-47
3.0953298749364286e1	4.287653741219312e-47
3.098484509108846e1	4.237353605664772e-47
3.1016391432812632e1	4.187619921432294e-47
3.1047937774536805e1	4.138446759200082e-47
3.107948411626098e1	4.0898282426500764e-47
3.111103045798515e1	4.041758548186033e-47
3.1142576799709325e1	3.9942319046483884e-47
3.1174123141433498e1	3.9472425930260506e-47
3.120566948315767e1	3.9007849461652963e-47
3.1237215824881844e1	3.854853348475886e-47
3.1268762166606017e1	3.8094422356345745e-47
3.130030850833019e1	3.764546094286142e-47
3.1331854850054363e1	3.7201594617420674e-47
3.1363401191778536e1	3.676276925677026e-47
3.139494753350271e1	3.632893123823279e-47
3.1426493875226882e1	3.5900027436631294e-47
3.1458040216951055e1	3.547600522119559e-47
3.1489586558675228e1	3.50568124524515e-47
3.15211329003994e1	3.4642397479094255e-47
3.1552679242123574e1	3.423270913484704e-47
3.1584225583847747e1	3.382769673530618e-47
3.161577192557192e1	3.342731007477359e-47
3.1647318267296093e1	3.3031499423077953e-47
3.1678864609020266e1	3.264021552238519e-47
3.171041095074444e1	3.2253409583999713e-47
3.1741957292468612e1	3.1871033285157265e-47
3.1773503634192785e1	3.14930387658101e-47
3.180504997591696e1	3.111937862540561e-47
3.183659631764113e1	3.0750005919659343e-47
3.1868142659365304e1	3.03848741573231e-47
3.1899689001089477e1	3.002393729694917e-47
3.193123534281365e1	2.9667149743651407e-47
3.1962781684537823e1	2.931446634586384e-47
3.1994328026261996e1	2.896584239209787e-47
3.202587436798617e1	2.862123360769862e-47
3.205742070971034e1	2.828059615160114e-47
3.2088967051434516e1	2.7943886613087367e-47
3.212051339315869e1	2.7611062008544337e-47
3.215205973488286e1	2.7282079778224395e-47
3.2183606076607035e1	2.695689778300813e-47
3.221515241833121e1	2.6635474301170527e-47
3.224669876005538e1	2.6317768025151e-47
3.2278245101779554e1	2.6003738058328094e-47
3.230979144350373e1	2.5693343911798996e-47
3.23413377852279e1	2.538654550116483e-47
3.237288412695207e1	2.5083303143322076e-47
3.2404430468676246e1	2.478357755326073e-47
3.243597681040042e1	2.448732984086956e-47
3.246752315212459e1	2.4194521507749094e-47
3.2499069493848765e1	2.390511444403281e-47
3.253061583557294e1	2.361907092521689e-47
3.256216217729711e1	2.3336353608998988e-47
3.2593708519021284e1	2.305692553212661e-47
3.262525486074546e1	2.2780750107255224e-47
3.265680120246963e1	2.2507791119816793e-47
3.26883475441938e1	2.2238012724898993e-47
3.2719893885917976e1	2.197137944413533e-47
3.275144022764215e1	2.1707856162606877e-47
3.278298656936632e1	2.1447408125755626e-47
3.2814532911090495e1	2.119000093630996e-47
3.284607925281467e1	2.0935600551222475e-47
3.287762559453884e1	2.0684173278620602e-47
3.2909171936263014e1	2.043568577477023e-47
3.294071827798719e1	2.0190105041052526e-47
3.297226461971136e1	1.9947398420954391e-47
3.300381096143553e1	1.9707533597072768e-47
3.303535730315971e1	1.9470478588132856e-47
3.306690364488388e1	1.923620174602089e-47
3.309844998660805e1	1.9004671752831285e-47
3.3129996328332226e1	1.8775857617928532e-47
3.31615426700564e1	1.854972867502421e-47
3.319308901178057e1	1.8326254579269026e-47
3.3224635353504745e1	1.8105405304360327e-47
3.325618169522892e1	1.7887151139665074e-47
3.328772803695309e1	1.767146268735859e-47
3.3319274378677264e1	1.7458310859579135e-47
3.335082072040144e1	1.7247666875598588e-47
3.338236706212561e1	1.7039502259009334e-47
3.341391340384978e1	1.6833788834927356e-47
3.3445459745573956e1	1.6630498727211906e-47
3.347700608729813e1	1.6429604355701724e-47
3.35085524290223e1	1.623107843346796e-47
3.3540098770746475e1	1.603489396408385e-47
3.357164511247065e1	1.5841024238911425e-47
3.360319145419482e1	1.5649442834405105e-47
3.3634737795918994e1	1.546012360943253e-47
3.366628413764317e1	1.5273040702612427e-47
3.369783047936734e1	1.5088168529669875e-47
3.372937682109151e1	1.4905481780808794e-47
3.3760923162815686e1	1.4724955418101872e-47
3.379246950453986e1	1.4546564672897994e-47
3.382401584626403e1	1.4370285043247054e-47
3.3855562187988205e1	1.4196092291342487e-47
3.388710852971238e1	1.4023962440981252e-47
3.391865487143655e1	1.3853871775041537e-47
3.3950201213160724e1	1.368579683297806e-47
3.39817475548849e1	1.3519714408335197e-47
3.401329389660907e1	1.335560154627768e-47
3.4044840238333244e1	1.3193435541139068e-47
3.407638658005742e1	1.3033193933988022e-47
3.410793292178159e1	1.287485451021229e-47
3.413947926350576e1	1.2718395297120468e-47
3.4171025605229936e1	1.2563794561561495e-47
3.420257194695411e1	1.2411030807561957e-47
3.423411828867828e1	1.2260082773981106e-47
3.4265664630402455e1	1.21109294321836e-47
3.429721097212663e1	1.1963549983730008e-47
3.43287573138508e1	1.181792385808501e-47
3.4360303655574974e1	1.1674030710343275e-47
3.439184999729915e1	1.1531850418972993e-47
3.442339633902332e1	1.1391363083577053e-47
3.445494268074749e1	1.1252549022671818e-47
3.4486489022471666e1	1.1115388771483444e-47
3.451803536419584e1	1.097986307976172e-47
3.454958170592001e1	1.0845952909611489e-47
3.4581128047644185e1	1.0713639433341387e-47
3.461267438936836e1	1.0582904031330031e-47
3.464422073109253e1	1.045372828990959e-47
3.4675767072816704e1	1.0326093999266615e-47
3.470731341454088e1	1.0199983151360119e-47
3.473885975626505e1	1.0075377937856873e-47
3.477040609798922e1	9.952260748083805e-48
3.4801952439713396e1	9.830614166997517e-48
3.483349878143757e1	9.710420973170749e-48
3.486504512316174e1	9.591664136795857e-48
3.4896591464885915e1	9.474326817705133e-48
3.492813780661009e1	9.358392363407929e-48
3.495968414833426e1	9.243844307144587e-48
3.4991230490058435e1	9.130666365956979e-48
3.502277683178261e1	9.018842438775696e-48
3.505432317350678e1	8.908356604523721e-48
3.5085869515230954e1	8.799193120236595e-48
3.511741585695513e1	8.691336419198922e-48
3.51489621986793e1	8.584771109097218e-48
3.518050854040347e1	8.479481970188896e-48
3.5212054882127646e1	8.375453953487483e-48
3.524360122385182e1	8.272672178963817e-48
3.527514756557599e1	8.171121933763212e-48
3.5306693907300165e1	8.070788670438572e-48
3.533824024902434e1	7.971658005199221e-48
3.536978659074851e1	7.873715716175497e-48
3.5401332932472684e1	7.77694774169897e-48
3.543287927419686e1	7.68134017859814e-48
3.546442561592103e1	7.58687928050964e-48
3.54959719576452e1	7.493551456204757e-48
3.5527518299369376e1	7.401343267931249e-48
3.555906464109355e1	7.31024142977027e-48
3.559061098281772e1	7.22023280600844e-48
3.5622157324541895e1	7.131304409524854e-48
3.565370366626607e1	7.043443400193019e-48
3.568525000799024e1	6.956637083297547e-48
3.5716796349714414e1	6.870872907965571e-48
3.574834269143859e1	6.786138465612768e-48
3.577988903316276e1	6.702421488403875e-48
3.581143537488693e1	6.619709847727629e-48
3.5842981716611106e1	6.537991552686008e-48
3.587452805833528e1	6.457254748597741e-48
3.590607440005945e1	6.377487715515844e-48
3.5937620741783626e1	6.298678866759276e-48
3.59691670835078e1	6.220816747458454e-48
3.600071342523197e1	6.143890033114621e-48
3.6032259766956145e1	6.067887528172938e-48
3.606380610868032e1	5.992798164609201e-48
3.609535245040449e1	5.918611000530079e-48
3.6126898792128664e1	5.845315218786817e-48
3.615844513385284e1	5.772900125602218e-48
3.618999147557701e1	5.701355149210887e-48
3.622153781730118e1	5.630669838512612e-48
3.6253084159025356e1	5.560833861738762e-48
3.628463050074953e1	5.491837005131632e-48
3.63161768424737e1	5.423669171636606e-48
3.6347723184197875e1	5.356320379607065e-48
3.637926952592205e1	5.289780761521934e-48
3.641081586764622e1	5.2240405627157486e-48
3.6442362209370394e1	5.159090140121172e-48
3.647390855109457e1	5.094919961023847e-48
3.650545489281874e1	5.031520601829475e-48
3.653700123454291e1	4.968882746843066e-48
3.6568547576267086e1	4.906997187060186e-48
3.660009391799126e1	4.845854818970176e-48
3.663164025971543e1	4.785446643371208e-48
3.6663186601439605e1	4.7257637641970846e-48
3.669473294316378e1	4.6667973873556994e-48
3.672627928488795e1	4.608538819579018e-48
3.6757825626612124e1	4.5509794672845497e-48
3.67893719683363e1	4.494110835448149e-48
3.682091831006047e1	4.4379245264880806e-48
3.685246465178464e1	4.3824122391602545e-48
3.688401099350882e1	4.327565767464521e-48
3.691555733523299e1	4.27337699956194e-48
3.694710367695716e1	4.219837916702917e-48
3.6978650018681336e1	4.166940592166139e-48
3.701019636040551e1	4.1146771902081653e-48
3.704174270212968e1	4.0630399650236186e-48
3.7073289043853855e1	4.0120212597158906e-48
3.710483538557803e1	3.9616135052782244e-48
3.71363817273022e1	3.911809219585118e-48
3.7167928069026374e1	3.862601006393942e-48
3.719947441075055e1	3.813981554356672e-48
3.723102075247472e1	3.765943636041664e-48
3.726256709419889e1	3.7184801069653426e-48
3.7294113435923066e1	3.671583904633766e-48
3.732565977764724e1	3.6252480475939347e-48
3.735720611937141e1	3.5794656344947564e-48
3.7388752461095585e1	3.5342298431575994e-48
3.742029880281976e1	3.489533929656322e-48
3.745184514454393e1	3.445371227406699e-48
3.7483391486268104e1	3.401735146265149e-48
3.751493782799228e1	3.3586191716366886e-48
3.754648416971645e1	3.316016863592024e-48
3.757803051144062e1	3.2739218559936656e-48
3.7609576853164796e1	3.232327855631012e-48
3.764112319488897e1	3.191228641364302e-48
3.767266953661314e1	3.150618063277346e-48
3.7704215878337315e1	3.110490041838952e-48
3.773576222006149e1	3.070838567072977e-48
3.776730856178566e1	3.031657697736891e-48
3.7798854903509834e1	2.992941560508796e-48
3.783040124523401e1	2.954684349182804e-48
3.786194758695818e1	2.916880323872677e-48
3.7893493928682354e1	2.8795238102236836e-48
3.792504027040653e1	2.8426091986325546e-48
3.79565866121307e1	2.806130943475476e-48
3.798813295385487e1	2.770083562344022e-48
3.8019679295579046e1	2.7344616352889607e-48
3.805122563730322e1	2.6992598040718546e-48
3.808277197902739e1	2.6644727714243673e-48
3.8114318320751565e1	2.630095300315187e-48
3.814586466247574e1	2.5961222132245212e-48
3.817741100419991e1	2.5625483914260588e-48
3.8208957345924084e1	2.529368774276315e-48
3.824050368764826e1	2.4965783585113073e-48
3.827205002937243e1	2.4641721975504724e-48
3.83035963710966e1	2.4321454008077403e-48
3.8335142712820776e1	2.4004931330097092e-48
3.836668905454495e1	2.3692106135208328e-48
3.839823539626912e1	2.338293115675532e-48
3.8429781737993295e1	2.3077359661172013e-48
3.846132807971747e1	2.2775345441439815e-48
3.849287442144164e1	2.2476842810612674e-48
3.8524420763165814e1	2.2181806595408553e-48
3.855596710488999e1	2.1890192129866726e-48
3.858751344661416e1	2.160195524907001e-48
3.861905978833833e1	2.1317052282931426e-48
3.8650606130062506e1	2.103544005004435e-48
3.868215247178668e1	2.0757075851595674e-48
3.871369881351085e1	2.048191746534113e-48
3.8745245155235025e1	2.0209923139642196e-48
3.87767914969592e1	1.9941051587563822e-48
3.880833783868337e1	1.9675261981032263e-48
3.8839884180407545e1	1.9412513945052446e-48
3.887143052213172e1	1.9152767551984176e-48
3.890297686385589e1	1.8895983315876433e-48
3.8934523205580064e1	1.8642122186859114e-48
3.896606954730424e1	1.8391145545591684e-48
3.899761588902841e1	1.8143015197767978e-48
3.902916223075258e1	1.789769336867645e-48
3.9060708572476756e1	1.7655142697815377e-48
3.909225491420093e1	1.741532623356232e-48
3.91238012559251e1	1.7178207427897118e-48
3.9155347597649275e1	1.6943750131177923e-48
3.918689393937345e1	1.6711918586969526e-48
3.921844028109762e1	1.648267742692345e-48
3.9249986622821794e1	1.625599166570917e-48
3.928153296454597e1	1.6031826695995814e-48
3.931307930627014e1	1.5810148283483702e-48
3.934462564799431e1	1.5590922561985318e-48
3.9376171989718486e1	1.5374116028554852e-48
3.940771833144266e1	1.515969553866588e-48
3.943926467316683e1	1.494762830143659e-48
3.9470811014891005e1	1.4737881874901887e-48
3.950235735661518e1	1.4530424161331882e-48
3.953390369833935e1	1.432522340259609e-48
3.9565450040063524e1	1.412224817557288e-48
3.95969963817877e1	1.392146738760351e-48
3.962854272351187e1	1.3722850271990272e-48
3.966008906523604e1	1.3526366383538114e-48
3.9691635406960216e1	1.333198559413918e-48
3.972318174868439e1	1.3139678088399757e-48
3.975472809040856e1	1.2949414359309088e-48
3.9786274432132736e1	1.2761165203949488e-48
3.981782077385691e1	1.2574901719247158e-48
3.984936711558108e1	1.239059529776332e-48
3.9880913457305255e1	1.2208217623524952e-48
3.991245979902943e1	1.2027740667894729e-48
3.99440061407536e1	1.1849136685479565e-48
3.9975552482477774e1	1.1672378210077333e-48
4.000709882420195e1	1.1497438050661093e-48
4.003864516592612e1	1.1324289287400481e-48
4.007019150765029e1	1.1152905267719623e-48
4.0101737849374466e1	1.0983259602391121e-48
4.013328419109864e1	1.0815326161665605e-48
4.016483053282281e1	1.0649079071436331e-48
4.0196376874546985e1	1.0484492709438369e-48
4.022792321627116e1	1.0321541701481808e-48
4.025946955799533e1	1.0160200917718592e-48
4.0291015899719504e1	1.0000445468942428e-48
4.032256224144368e1	9.842250702921309e-49
4.035410858316785e1	9.68559220076213e-49
4.038565492489202e1	9.530445773307005e-49
4.0417201266616196e1	9.376787457560719e-49
4.044874760834037e1	9.224593513148952e-49
4.048029395006454e1	9.07384041880666e-49
4.0511840291788715e1	8.924504868896288e-49
4.054338663351289e1	8.776563769955245e-49
4.057493297523706e1	8.629994237272271e-49
4.0606479316961234e1	8.484773591492208e-49
4.063802565868541e1	8.340879355248687e-49
4.066957200040958e1	8.19828924982431e-49
4.070111834213375e1	8.056981191837908e-49
4.073266468385793e1	7.916933289958375e-49
4.07642110255821e1	7.778123841644665e-49
4.079575736730627e1	7.640531329911502e-49
4.0827303709030446e1	7.504134420120411e-49
4.085885005075462e1	7.368911956795543e-49
4.089039639247879e1	7.234842960463975e-49
4.0921942734202965e1	7.101906624519945e-49
4.095348907592714e1	6.970082312112685e-49
4.098503541765131e1	6.839349553057366e-49
4.1016581759375484e1	6.709688040768797e-49
4.104812810109966e1	6.581077629217359e-49
4.107967444282383e1	6.453498329906875e-49
4.1111220784548e1	6.326930308873903e-49
4.1142767126272176e1	6.201353883708104e-49
4.117431346799635e1	6.076749520593218e-49
4.120585980972052e1	5.95309783136831e-49
4.1237406151444695e1	5.8303795706088035e-49
4.126895249316887e1	5.7085756327269334e-49
4.130049883489304e1	5.587667049091237e-49
4.1332045176617214e1	5.467634985164644e-49
4.136359151834139e1	5.3484607376607775e-49
4.139513786006556e1	5.23012573171807e-49
4.142668420178973e1	5.112611518091305e-49
4.1458230543513906e1	4.995899770360211e-49
4.148977688523808e1	4.879972282154638e-49
4.152132322696225e1	4.7648109643960174e-49
4.1552869568686425e1	4.650397842554668e-49
4.15844159104106e1	4.5367150539225716e-49
4.161596225213477e1	4.423744844901218e-49
4.1647508593858944e1	4.3114695683041786e-49
4.167905493558312e1	4.199871680673968e-49
4.171060127730729e1	4.088933739612842e-49
4.174214761903146e1	3.9786384011271716e-49
4.177369396075564e1	3.868968416984959e-49
4.180524030247981e1	3.759906632086163e-49
4.183678664420398e1	3.651435981845475e-49
4.1868332985928156e1	3.543539489587092e-49
4.189987932765233e1	3.436200263951192e-49
4.19314256693765e1	3.3294014963116925e-49
4.1962972011100675e1	3.2231264582049402e-49
4.199451835282485e1	3.11735849876896e-49
4.202606469454902e1	3.0120810421928765e-49
4.2057611036273194e1	2.9072775851761656e-49
4.208915737799737e1	2.8029316943973367e-49
4.212070371972154e1	2.699027003991699e-49
4.215225006144571e1	2.595547213037842e-49
4.2183796403169886e1	2.4924760830524578e-49
4.221534274489406e1	2.389797435493155e-49
4.224688908661823e1	2.287495149268866e-49
4.2278435428342405e1	2.1855531582575193e-49
4.230998177006658e1	2.083955448830596e-49
4.234152811179075e1	1.9826860573841983e-49
4.2373074453514924e1	1.8817290678762917e-49
4.24046207952391e1	1.7810686093697392e-49
4.243616713696327e1	1.6806888535807625e-49
4.246771347868744e1	1.5805740124324809e-49
4.2499259820411616e1	1.4807083356131628e-49
4.253080616213579e1	1.3810761081388229e-49
4.256235250385996e1	1.2816616479198041e-49
4.2593898845584135e1	1.1824493033309886e-49
4.262544518730831e1	1.0834234507852654e-49
4.265699152903248e1	9.845684923099088e-50
4.2688537870756655e1	8.858688531254933e-50
4.272008421248083e1	7.873089792269852e-50
4.2751630554205e1	6.888733349666552e-50
4.2783176895929174e1	5.905464006384441e-50
4.281472323765335e1	4.923126700634215e-50
4.284626957937752e1	3.9415664817597298e-50
4.287781592110169e1	2.960628486103561e-50
4.2909362262825866e1	1.9801579128725912e-50
4.294090860455004e1	1e-50