position	wave function
6.5030307558073215e0	-3.876031200060108e-54
6.506494476729975e0	-7.781111279968997e-54
6.509958197652628e0	-1.1763727410178607e-53
6.513421918575281e0	-1.5862696140555001e-53
6.516885639497934e0	-2.0117379955537303e-53
6.520349360420587e0	-2.4568051399270437e-53
6.52381308134324e0	-2.925625462180942e-53
6.527276802265893e0	-3.4225167693734795e-53
6.5307405231885465e0	-3.95199688892292e-53
6.5342042441112e0	-4.518821002427822e-53
6.537667965033853e0	-5.128019985417661e-53
6.541131685956506e0	-5.784940048039566e-53
6.544595406879159e0	-6.495283968892476e-53
6.548059127801812e0	-7.265154213857238e-53
6.551522848724465e0	-8.10109823368263e-53
6.554986569647118e0	-9.010156238147367e-53
6.5584502905697715e0	-9.99991175071441e-53
6.561914011492425e0	-1.1078545255642622e-52
6.565377732415078e0	-1.2254891259456073e-52
6.568841453337731e0	-1.3538499100434436e-52
6.572305174260384e0	-1.4939697853348103e-52
6.575768895183037e0	-1.646966569199751e-52
6.57923261610569e0	-1.814050408920672e-52
6.582696337028343e0	-1.9965317252775214e-52
6.5861600579509965e0	-2.195829721651548e-52
6.58962377887365e0	-2.413481502791688e-52
6.593087499796303e0	-2.6511518498202136e-52
6.596551220718956e0	-2.91064370066289e-52
6.600014941641609e0	-3.1939093878859686e-52
6.603478662564262e0	-3.503062688914468e-52
6.606942383486915e0	-3.840391746798289e-52
6.610406104409568e0	-4.208372923091694e-52
6.6138698253322215e0	-4.609685648022686e-52
6.617333546254875e0	-5.047228336960704e-52
6.620797267177528e0	-5.524135446253147e-52
6.624260988100181e0	-6.043795745798231e-52
6.627724709022834e0	-6.609871890264026e-52
6.631188429945487e0	-7.226321375665279e-52
6.63465215086814e0	-7.897418973071814e-52
6.638115871790793e0	-8.627780736563355e-52
6.6415795927134464e0	-9.422389688172687e-52
6.6450433136361e0	-1.0286623288481939e-51
6.648507034558753e0	-1.1226282807773747e-51
6.651970755481406e0	-1.2247624719193505e-51
6.655434476404059e0	-1.3357394242267205e-51
6.658898197326712e0	-1.4562861172362788e-51
6.662361918249365e0	-1.5871858139277603e-51
6.665825639172018e0	-1.7292821446107896e-51
6.669289360094671e0	-1.8834834647922e-51
6.672753081017325e0	-2.0507675038523814e-51
6.676216801939978e0	-2.232186322277375e-51
6.679680522862631e0	-2.4288715961563297e-51
6.683144243785284e0	-2.6420402486596852e-51
6.686607964707937e0	-2.873000449268084e-51
6.69007168563059e0	-3.1231580026226464e-51
6.693535406553243e0	-3.3940231500201137e-51
6.696999127475896e0	-3.6872178077786764e-51
6.7004628483985496e0	-4.00448326795798e-51
6.703926569321203e0	-4.3476883882283e-51
6.707390290243856e0	-4.7188382990529465e-51
6.710854011166509e0	-5.1200836577759163e-51
6.714317732089162e0	-5.553730480695745e-51
6.717781453011815e0	-6.022250585756765e-51
6.721245173934468e0	-6.528292680105606e-51
6.724708894857121e0	-7.074694128442446e-51
6.7281726157797745e0	-7.664493439847172e-51
6.731636336702428e0	-8.300943512581929e-51
6.735100057625081e0	-8.987525678263547e-51
6.738563778547734e0	-9.727964588769206e-51
6.742027499470387e0	-1.0526243991279897e-50
6.74549122039304e0	-1.1386623438990246e-50
6.748954941315693e0	-1.2313655987216025e-50
6.752418662238346e0	-1.3312206926913696e-50
6.7558823831609995e0	-1.4387473609998107e-50
6.759346104083653e0	-1.5545006423297896e-50
6.762809825006306e0	-1.6790730970532724e-50
6.766273545928959e0	-1.8130971524329747e-50
6.769737266851612e0	-1.9572475813024585e-50
6.773200987774265e0	-2.1122441209809244e-50
6.776664708696918e0	-2.278854239470833e-50
6.780128429619571e0	-2.4578960562875964e-50
6.7835921505422245e0	-2.650241425582152e-50
6.787055871464878e0	-2.8568191895384865e-50
6.790519592387531e0	-3.078618610359724e-50
6.793983313310184e0	-3.3166929894990307e-50
6.797447034232837e0	-3.572163483143771e-50
6.80091075515549e0	-3.8462231233256737e-50
6.804374476078143e0	-4.1401410544030596e-50
6.807838197000796e0	-4.455266995048114e-50
6.8113019179234495e0	-4.793035936266574e-50
6.814765638846103e0	-5.1549730863874265e-50
6.818229359768756e0	-5.542699074378297e-50
6.821693080691409e0	-5.957935423272019e-50
6.825156801614062e0	-6.402510305933154e-50
6.828620522536715e0	-6.8783645958466065e-50
6.832084243459368e0	-7.387558226076523e-50
6.835547964382021e0	-7.932276870018002e-50
6.8390116853046745e0	-8.514838958057083e-50
6.842475406227328e0	-9.137703044751021e-50
6.845939127149981e0	-9.803475541653887e-50
6.849402848072634e0	-1.0514918831438348e-49
6.852866568995287e0	-1.1274959779496314e-49
6.85633028991794e0	-1.2086698659751365e-49
6.859794010840593e0	-1.2953418511969377e-49
6.863257731763246e0	-1.3878594948428882e-49
6.8667214526858995e0	-1.4865906428388706e-49
6.870185173608553e0	-1.5919245019384998e-49
6.873648894531206e0	-1.7042727664987506e-49
6.877112615453859e0	-1.8240707979265736e-49
6.880576336376512e0	-1.9517788588831305e-49
6.884040057299165e0	-2.0878834043959487e-49
6.887503778221818e0	-2.2328984320936243e-49
6.890967499144471e0	-2.387366893842882e-49
6.8944312200671245e0	-2.5518621711339377e-49
6.897894940989778e0	-2.7269896166272176e-49
6.901358661912431e0	-2.9133881643425834e-49
6.904822382835084e0	-3.1117320110398347e-49
6.908286103757737e0	-3.322732371410438e-49
6.91174982468039e0	-3.5471393097683844e-49
6.915213545603043e0	-3.7857436510006236e-49
6.918677266525696e0	-4.039378973607506e-49
6.9221409874483495e0	-4.308923687735867e-49
6.925604708371003e0	-4.5953032011794466e-49
6.929068429293656e0	-4.899492176394449e-49
6.932532150216309e0	-5.222516881649752e-49
6.93556290602363e0	-5.521462584461378e-49
6.9390266269462835e0	-5.882760523614038e-49
6.942490347868937e0	-6.2661547669170444e-49
6.94595406879159e0	-6.672895606585205e-49
6.949417789714243e0	-7.104297857660818e-49
6.952881510636896e0	-7.561743829092961e-49
6.956345231559549e0	-8.046686412379664e-49
6.959808952482202e0	-8.56065229146674e-49
6.963272673404855e0	-9.105245277668222e-49
6.9667363943275085e0	-9.682149773444236e-49
6.970200115250162e0	-1.0293134368941316e-48
6.973663836172815e0	-1.0940055575270274e-48
6.977127557095468e0	-1.1624861698562883e-48
6.980591278018121e0	-1.2349596858917928e-48
6.984054998940774e0	-1.3116405158409459e-48
6.987518719863427e0	-1.392753500239652e-48
6.99098244078608e0	-1.4785343578434504e-48
6.9944461617087335e0	-1.5692301497148542e-48
6.997909882631387e0	-1.6650997599487674e-48
7.00137360355404e0	-1.7664143934837742e-48
7.004837324476693e0	-1.8734580914519898e-48
7.008301045399346e0	-1.986528264525706e-48
7.011764766321999e0	-2.105936244723949e-48
7.015228487244652e0	-2.2320078561465172e-48
7.018692208167305e0	-2.3650840051074333e-48
7.0221559290899584e0	-2.5055212901437258e-48
7.025619650012612e0	-2.6536926323794838e-48
7.029083370935265e0	-2.80998792672769e-48
7.032547091857918e0	-2.974814714415907e-48
7.036010812780571e0	-3.1485988773243507e-48
7.039474533703224e0	-3.331785354626711e-48
7.042938254625877e0	-3.524838882225733e-48
7.04640197554853e0	-3.7282447554778004e-48
7.049865696471183e0	-3.9425096156994624e-48
7.053329417393837e0	-4.1681622609515114e-48
7.05679313831649e0	-4.405754481593913e-48
7.060256859239143e0	-4.6558619211054473e-48
7.063720580161796e0	-4.9190849626598e-48
7.067184301084449e0	-5.196049641947733e-48
7.070648022007102e0	-5.487408586733372e-48
7.074111742929755e0	-5.793841983628093e-48
7.077575463852408e0	-6.116058572562541e-48
7.081039184775062e0	-6.454796669432643e-48
7.084502905697715e0	-6.810825217389782e-48
7.087966626620368e0	-7.18494486723952e-48
7.091430347543021e0	-7.577989087406955e-48
7.094894068465674e0	-7.990825303918463e-48
7.098357789388327e0	-8.424356070841937e-48
7.10182151031098e0	-8.879520271618242e-48
7.105718196348966e0	-9.418656002390845e-48
7.112645638194279e0	-1.0452322850438677e-47
7.119573080039593e0	-1.158970260659008e-47
7.126500521884906e0	-1.284013652262311e-47
7.133427963730219e0	-1.4213699220696803e-47
7.140355405575533e0	-1.572124618810777e-47
7.147282847420846e0	-1.7374463482908753e-47
7.154210289266159e0	-1.9185919683576163e-47
7.161137731111473e0	-2.1169120110361271e-47
7.168065172956786e0	-2.3338563339843124e-47
7.1749926148020995e0	-2.5709800027513303e-47
7.181920056647413e0	-2.829949404595131e-47
7.188847498492726e0	-3.112548593827697e-47
7.1957749403380395e0	-3.4206858678096886e-47
7.202702382183353e0	-3.7564005718074524e-47
7.209629824028666e0	-4.121870129956228e-47
7.21655726587398e0	-4.519417298542296e-47
7.223484707719293e0	-4.951517636725709e-47
7.230412149564606e0	-5.420807188672274e-47
7.23733959140992e0	-5.930090369853484e-47
7.244267033255233e0	-6.482348049001464e-47
7.251194475100546e0	-7.080745815882257e-47
7.25812191694586e0	-7.728642423668539e-47
7.265049358791173e0	-8.429598393260636e-47
7.271976800636486e0	-9.187384765424148e-47
7.2789042424818e0	-1.0005991985082425e-46
7.285831684327113e0	-1.0889638900533958e-46
7.2927591261724265e0	-1.1842781858754269e-46
7.29968656801774e0	-1.287012387629892e-46
7.306614009863053e0	-1.3976623863655026e-46
7.313541451708367e0	-1.5167505879189298e-46
7.32046889355368e0	-1.6448268387127803e-46
7.327396335398993e0	-1.782469349227636e-46
7.334323777244307e0	-1.9302856122460117e-46
7.34125121908962e0	-2.0889133127924295e-46
7.348178660934933e0	-2.259021226522484e-46
7.355106102780247e0	-2.4413101031421813e-46
7.36203354462556e0	-2.6365135312709926e-46
7.368960986470873e0	-2.8453987809968255e-46
7.375888428316187e0	-3.068767620210365e-46
7.3828158701615e0	-3.3074571006495355e-46
7.3897433120068134e0	-3.562340309435127e-46
7.396670753852127e0	-3.834327081734442e-46
7.40359819569744e0	-4.124364670054212e-46
7.4105256375427535e0	-4.433438365536387e-46
7.417453079388067e0	-4.762572066512954e-46
7.42438052123338e0	-5.112828789468336e-46
7.431307963078694e0	-5.485311117462061e-46
7.438235404924007e0	-5.881161580980286e-46
7.44516284676932e0	-6.301562966116558e-46
7.452090288614634e0	-6.747738544922946e-46
7.459017730459947e0	-7.220952222735635e-46
7.46594517230526e0	-7.722508597251132e-46
7.472872614150574e0	-8.253752924123382e-46
7.479800055995887e0	-8.816070983861296e-46
7.4867274978412e0	-9.410888844834208e-46
7.493654939686514e0	-1.0039672517240341e-45
7.500582381531827e0	-1.0703927492961944e-45
7.5075098233771405e0	-1.140519816631703e-45
7.514437265222454e0	-1.2145067130826995e-45
7.521364707067767e0	-1.2925154347251039e-45
7.5282921489130805e0	-1.3747116178290678e-45
7.535219590758394e0	-1.46126442855417e-45
7.542147032603707e0	-1.5523464384471004e-45
7.549074474449021e0	-1.6481334853411112e-45
7.556001916294334e0	-1.74880451928183e-45
7.562929358139647e0	-1.8545414331297214e-45
7.569856799984961e0	-1.9655288775189802e-45
7.576784241830274e0	-2.0819540598839442e-45
7.583711683675587e0	-2.2040065272975516e-45
7.590639125520901e0	-2.3318779329019183e-45
7.599298427827541e0	-2.500195025965445e-45
7.61315331151816e0	-2.789996100606966e-45
7.62700819520878e0	-3.106401096098112e-45
7.640863078899399e0	-3.450996108797017e-45
7.654717962590019e0	-3.8253656835335305e-45
7.665109125357984e0	-4.1266282575787424e-45
7.678964009048603e0	-4.556867479799034e-45
7.692818892739223e0	-5.021127845768406e-45
7.7066737764298425e0	-5.5208715578859735e-45
7.720528660120462e0	-6.05749276071547e-45
7.734383543811082e0	-6.632301007555898e-45
7.748238427501701e0	-7.246504039684185e-45
7.762093311192321e0	-7.901189993118912e-45
7.7759481948829405e0	-8.597309162121815e-45
7.78980307857356e0	-9.335655462360495e-45
7.80365796226418e0	-1.011684774949349e-44
7.817512845954799e0	-1.094131116068167e-44
7.831367729645419e0	-1.180925865698558e-44
7.8452226133360385e0	-1.2720672953560747e-44
7.859077497026658e0	-1.3675289031844128e-44
7.872932380717278e0	-1.4672577433345482e-44
7.886787264407897e0	-1.5711728538083923e-44
7.911033310866487e0	-1.7627480259472768e-44
7.938743078247733e0	-1.9958874682533623e-44
7.96645284562898e0	-2.2425078809067346e-44
7.994162613010226e0	-2.5003473079982113e-44
8.035727264082093e0	-2.901835245916778e-44
8.105001682535208e0	-3.579597746518557e-44
8.146566333607074e0	-3.966993139535541e-44
8.174276100988314e0	-4.2067267559214117e-44
8.201985868369553e0	-4.425348108176307e-44
8.229695635750792e0	-4.617384027434321e-44
8.257405403132031e0	-4.777428792391089e-44
8.28511517051327e0	-4.900280925815746e-44
8.31282493789451e0	-4.981083527526113e-44
8.340534705275749e0	-5.015464033622715e-44
8.368244472656988e0	-4.999669146581019e-44
8.395954240038227e0	-4.930690686932268e-44
8.423664007419466e0	-4.806378276146893e-44
8.451373774800706e0	-4.625535066969049e-44
8.479083542181945e0	-4.387993180722965e-44
8.506793309563184e0	-4.094666074437279e-44
8.534503076944423e0	-3.747575722803818e-44
8.562212844325662e0	-3.3498532362289217e-44
8.589922611706902e0	-2.905712319337455e-44
8.61763237908814e0	-2.4203957758631134e-44
8.63495098370142e0	-2.0988783814224126e-44
8.648805867392047e0	-1.8329409801497147e-44
8.662660751082674e0	-1.5602396831850146e-44
8.6765156347733e0	-1.281735720195353e-44
8.690370518463927e0	-9.984299805158116e-45
8.704225402154554e0	-7.113582998441191e-45
8.718080285845181e0	-4.215865165823748e-45
8.731935169535808e0	-1.3020532856950376e-45
8.745790053226434e0	1.6167501782192167e-45
8.759644936917061e0	4.52930173272211e-45
8.773499820607688e0	7.424272321080772e-45
8.787354704298314e0	1.0290303457586261e-44
8.801209587988941e0	1.3116063687165243e-44
8.815064471679568e0	1.589030502686019e-44
8.828919355370195e0	1.860191904886129e-44
8.842774239060821e0	2.1239992270035783e-44
8.856629122751448e0	2.3793860520474895e-44
8.870484006442075e0	2.62531619733616e-44
8.884338890132701e0	2.8607888530324453e-44
8.898193773823328e0	3.0848435270256617e-44
8.912048657513955e0	3.2965647685203655e-44
8.925903541204582e0	3.4950866444169773e-44
8.939758424895208e0	3.679596944444276e-44
8.953613308585835e0	3.849341093006065e-44
8.967468192276462e0	4.0036257478227236e-44
8.981323075967088e0	4.14182206765682e-44
8.995177959657715e0	4.2633686337001604e-44
9.009032843348342e0	4.3677740115404774e-44
9.022887727038968e0	4.45461894301126e-44
9.036742610729595e0	4.523558159629012e-44
9.050597494420222e0	4.574321811729665e-44
9.064452378110849e0	4.606716509807389e-44
9.078307261801475e0	4.620625976922012e-44
9.092162145492102e0	4.616011313357904e-44
9.106017029182729e0	4.592910876969776e-44
9.119871912873355e0	4.551439784835655e-44
9.133726796563982e0	4.491789043927686e-44
9.147581680254609e0	4.414224320508596e-44
9.161436563945236e0	4.3190843598448245e-44
9.175291447635862e0	4.206779069594646e-44
9.189146331326489e0	4.077787281868554e-44
9.203001215017116e0	3.932654210465357e-44
9.216856098707742e0	3.7719886211517285e-44
9.230710982398369e0	3.5964597340749393e-44
9.244565866088996e0	3.4067938784727364e-44
9.258420749779622e0	3.2037709207672184e-44
9.27227563347025e0	2.9882204879038664e-44
9.286130517160876e0	2.7610180084182765e-44
9.299985400851503e0	2.523080594186941e-44
9.31384028454213e0	2.2753627861423436e-44
9.327695168232756e0	2.0188521874141018e-44
9.341550051923383e0	1.75456500739746e-44
9.35540493561401e0	1.483541540153185e-44
9.369259819304636e0	1.2068416003169455e-44
9.383114702995263e0	9.255399393429886e-45
9.39696958668589e0	6.407216644381367e-45
9.410824470376516e0	3.534776819602195e-45
9.424679354067143e0	6.490018637074014e-46
9.43853423775777e0	-2.2392178494839966e-45
9.452389121448396e0	-5.119067115722586e-45
9.466244005139023e0	-7.979848461086449e-45
9.48009888882965e0	-1.081102348993888e-44
9.493953772520277e0	-1.3602252856089447e-44
9.507808656210903e0	-1.6343434704483423e-44
9.52166353990153e0	-1.9024741442510425e-44
9.535518423592157e0	-2.1636654712148863e-44
9.549373307282783e0	-2.4169998446572187e-44
9.56322819097341e0	-2.661596990743642e-44
9.577083074664037e0	-2.89661686117928e-44
9.590937958354663e0	-3.1212623070323497e-44
9.60479284204529e0	-3.3347815271315682e-44
9.618647725735917e0	-3.536470285742516e-44
9.632502609426544e0	-3.725673895471645e-44
9.64635749311717e0	-3.9017889625710066e-44
9.660212376807797e0	-4.0642648930084987e-44
9.674067260498424e0	-4.212605158827769e-44
9.68792214418905e0	-4.34636832544403e-44
9.701777027879677e0	-4.4651688415966986e-44
9.715631911570304e0	-4.568677594711003e-44
9.72948679526093e0	-4.656622235397919e-44
9.743341678951557e0	-4.728787275747129e-44
9.757196562642184e0	-4.785013966935242e-44
9.77105144633281e0	-4.825199962480283e-44
9.784906330023437e0	-4.849298774223828e-44
9.798761213714064e0	-4.857319028806162e-44
9.81261609740469e0	-4.849323533026815e-44
9.826470981095317e0	-4.825428157041933e-44
9.840325864785944e0	-4.78580054484899e-44
9.85418074847657e0	-4.730658661942845e-44
9.868035632167198e0	-4.660269190398354e-44
9.881890515857824e0	-4.574945781948497e-44
9.895745399548451e0	-4.4750471798726074e-44
9.909600283239078e0	-4.360975220702084e-44
9.923455166929704e0	-4.233172726884386e-44
9.937310050620331e0	-4.0921213016220065e-44
9.951164934310958e0	-3.9383390371300516e-44
9.965019818001585e0	-3.7723781475258447e-44
9.978874701692211e0	-3.5948225374908415e-44
9.992729585382838e0	-3.4062853177217675e-44
1.0006584469073465e1	-3.20740627802196e-44
1.0020439352764091e1	-2.9988493286795383e-44
1.0034294236454718e1	-2.7812999205318644e-44
1.0048149120145345e1	-2.5554624538382873e-44
1.0062004003835971e1	-2.3220576857706547e-44
1.0075858887526598e1	-2.0818201459904723e-44
1.0089713771217225e1	-1.8354955694135028e-44
1.0103568654907852e1	-1.5838383548730386e-44
1.0117423538598478e1	-1.3276090579800774e-44
1.0131278422289105e1	-1.0675719260506228e-44
1.0145133305979732e1	-8.044924825252024e-45
1.0158988189670358e1	-5.391351678496513e-45
1.0172843073360985e1	-2.7226104331950105e-45
1.0186697957051612e1	-4.625563917055967e-47
1.0200552840742239e1	2.6302357430841133e-45
1.0214407724432865e1	5.299485072474728e-45
1.0228262608123492e1	7.954231915355825e-45
1.0242117491814119e1	1.0587353050467029e-44
1.0255972375504745e1	1.3191880554410596e-44
1.0269827259195372e1	1.5761018936024437e-44
1.0283682142885999e1	1.8288161292623872e-44
1.0297537026576626e1	2.0766904465616471e-44
1.0311391910267252e1	2.319106317742164e-44
1.0325246793957879e1	2.55546831359308e-44
1.0339101677648506e1	2.785205309692308e-44
1.0352956561339132e1	3.007771587887916e-44
1.0366811445029759e1	3.2226478328526557e-44
1.0385861910104365e1	3.50464730834988e-44
1.0413571677485605e1	3.8847948822856465e-44
1.0441281444866844e1	4.2264464351392646e-44
1.0468991212248083e1	4.5268062866081e-44
1.0496700979629322e1	4.78356734359567e-44
1.0524410747010561e1	4.994914725509655e-44
1.05521205143918e1	5.159523766265692e-44
1.057983028177304e1	5.276552784904275e-44
1.0607540049154279e1	5.34563105357479e-44
1.0635249816535518e1	5.366842419413101e-44
1.0662959583916757e1	5.340705055996261e-44
1.0690669351297997e1	5.268147831156095e-44
1.0718379118679236e1	5.150483781583878e-44
1.0746088886060475e1	4.98938118153371e-44
1.0773798653441714e1	4.786832683736563e-44
1.0801508420822953e1	4.545122996082683e-44
1.0829218188204193e1	4.266795538451954e-44
1.0856927955585432e1	3.9546185009751743e-44
1.0884637722966671e1	3.611550698700218e-44
1.091234749034791e1	3.2407075887773537e-44
1.094005725772915e1	2.845327785510033e-44
1.0967767025110389e1	2.4287403765292516e-44
1.0995476792491628e1	1.9943333104939562e-44
1.1023186559872867e1	1.5455230935948377e-44
1.1050896327254106e1	1.0857259991970638e-44
1.1078606094635346e1	6.183309625966587e-45
1.1106315862016585e1	1.4667430143538333e-45
1.1134025629397824e1	-3.259836278838814e-45
1.1161735396779063e1	-7.964797561635152e-45
1.1189445164160302e1	-1.2617675551856918e-44
1.1217154931541542e1	-1.7189341899261131e-44
1.124486469892278e1	-2.1652155630853685e-44
1.127257446630402e1	-2.5980092670270377e-44
1.130028423368526e1	-3.014885477339717e-44
1.1327994001066498e1	-3.4135958392731143e-44
1.1355703768447738e1	-3.7920804132481006e-44
1.1383413535828977e1	-4.1484727585465757e-44
1.1411123303210216e1	-4.481103245208474e-44
1.1438833070591455e1	-4.788500693174495e-44
1.1466542837972694e1	-5.069392444910397e-44
1.1494252605353934e1	-5.322702983228934e-44
1.1521962372735173e1	-5.547551209905777e-44
1.1549672140116412e1	-5.743246503083398e-44
1.1577381907497651e1	-5.909283672494648e-44
1.160509167487889e1	-6.045336931338344e-44
1.163280144226013e1	-6.151253002334545e-44
1.1660511209641369e1	-6.22704347319641e-44
1.1688220977022608e1	-6.272876513601137e-44
1.1715930744403847e1	-6.289068061848873e-44
1.1743640511785086e1	-6.27607258486684e-44
1.1771350279166326e1	-6.234473510169077e-44
1.1799060046547565e1	-6.164973422911224e-44
1.1826769813928804e1	-6.068384115386531e-44
1.1854479581310043e1	-5.945616570275112e-44
1.1882189348691282e1	-5.797670952776268e-44
1.1909899116072522e1	-5.625626680485015e-44
1.193760888345376e1	-5.430632633593846e-44
1.1965318650835e1	-5.213897561765082e-44
1.199302841821624e1	-4.976680737887053e-44
1.2020738185597478e1	-4.72028290293403e-44
1.2048447952978718e1	-4.446037540344383e-44
1.2076157720359957e1	-4.1553025127472154e-44
1.2103867487741196e1	-3.8494520885253767e-44
1.2131577255122435e1	-3.5298693806308065e-44
1.2159287022503674e1	-3.1979392152843215e-44
1.2186996789884914e1	-2.855041443705103e-44
1.2214706557266153e1	-2.5025447058371923e-44
1.2242416324647392e1	-2.141800651174761e-44
1.2270126092028631e1	-1.7741386182371873e-44
1.229783585940987e1	-1.4008607710053264e-44
1.232554562679111e1	-1.0232376877009628e-44
1.2353255394172349e1	-6.425043946616195e-45
1.2380965161553588e1	-2.598568357282865e-45
1.2408674928934827e1	1.2355123448988871e-45
1.2436384696316066e1	5.066109468913753e-45
1.2464094463697306e1	8.882606186392863e-45
1.2491804231078545e1	1.2674876746188242e-44
1.2519513998459784e1	1.6433302068624457e-44
1.2547223765841023e1	2.0148781900422937e-44
1.258878841691289e1	2.562287225541443e-44
1.2644207951675382e1	3.2695821864384e-44
1.2699627486437874e1	3.946007638730006e-44
1.2755047021200367e1	4.586841129470669e-44
1.2782756788581613e1	4.892662909533219e-44
1.2838176323344106e1	5.473061153935324e-44
1.2893595858106599e1	6.009620002269705e-44
1.2949015392869091e1	6.500361828902467e-44
1.3004434927631584e1	6.943990322181847e-44
1.3059854462394076e1	7.339834519517601e-44
1.3115273997156569e1	7.687790089460908e-44
1.3170693531919062e1	7.988259298058924e-44
1.3226113066681554e1	8.242090897298696e-44
1.3281532601444047e1	8.450520980783338e-44
1.333695213620654e1	8.615115669313906e-44
1.3392371670969032e1	8.737716319243942e-44
1.3447791205731525e1	8.820387791005746e-44
1.3503210740494017e1	8.865370175027345e-44
1.3554735900119617e1	8.865370175027345e-44
1.357063739349914e1	8.863359930749728e-44
1.3586538886878664e1	8.85869166856084e-44
1.3602440380258187e1	8.851424464093628e-44
1.361834187363771e1	8.841617644737155e-44
1.3634243367017234e1	8.829330727147842e-44
1.3650144860396757e1	8.814623356935323e-44
1.366604635377628e1	8.79755525050728e-44
1.3681947847155804e1	8.778186139054546e-44
1.3697849340535328e1	8.756575714656146e-44
1.3713750833914851e1	8.732783578481298e-44
1.3729652327294374e1	8.706869191063735e-44
1.3745553820673898e1	8.678891824621897e-44
1.3761455314053421e1	8.648910517396851e-44
1.3793258300812472e1	8.583170803594225e-44
1.3825061287571522e1	8.510116065104136e-44
1.3856864274330572e1	8.430205979187052e-44
1.3888667261089623e1	8.343892760030581e-44
1.3920470247848673e1	8.251620147993371e-44
1.3952273234607723e1	8.153822508206855e-44
1.3984076221366774e1	8.050924033596802e-44
1.4015879208125824e1	7.943338047286001e-44
1.4047682194884874e1	7.831466399279117e-44
1.4079485181643925e1	7.715698952305911e-44
1.4111288168402975e1	7.596413151707354e-44
1.4143091155162026e1	7.473973674285205e-44
1.4174894141921076e1	7.34873215109869e-44
1.4206697128680126e1	7.22102695927604e-44
1.4238500115439177e1	7.091183078013317e-44
1.4270303102198227e1	6.959512004053917e-44
1.4333909075716324e1	6.691866725738666e-44
1.4397515049234421e1	6.420313552606354e-44
1.4461121022752518e1	6.146862179881693e-44
1.4556529983029664e1	5.737013240769202e-44
1.4620135956547761e1	5.46626500761729e-44
1.4651938943306812e1	5.332147683592683e-44
1.4683741930065862e1	5.199069201912647e-44
1.4715544916824912e1	5.067166858039134e-44
1.4747347903583963e1	4.936567616127598e-44
1.4779150890343013e1	4.807388467639683e-44
1.4810953877102063e1	4.67973679464645e-44
1.4842756863861114e1	4.553710736094e-44
1.4874559850620164e1	4.4293995554448195e-44
1.4906362837379215e1	4.306884008243287e-44
1.4938165824138265e1	4.186236708283501e-44
1.4969968810897315e1	4.0675224911806723e-44
1.5001771797656366e1	3.950798774264272e-44
1.5033574784415416e1	3.836115911822295e-44
1.5065377771174466e1	3.7235175448306887e-44
1.5097180757933517e1	3.613040944400719e-44
1.5128983744692567e1	3.5047173482702164e-44
1.5152835984761854e1	3.424903125502215e-44
1.5168737478141377e1	3.3723788967191396e-44
1.51846389715209e1	3.3204054760742604e-44
1.5192589718210662e1	3.29462591863286e-44
1.5208491211590186e1	3.2434821426635966e-44
1.522439270496971e1	3.1928933135955395e-44
1.5240294198349233e1	3.142860573711149e-44
1.5256195691728756e1	3.093384785799361e-44
1.527209718510828e1	3.044466542139337e-44
1.5287998678487803e1	2.996106173336272e-44
1.5303900171867326e1	2.948303757007991e-44
1.531980166524685e1	2.901059126321304e-44
1.5335703158626373e1	2.854371878377218e-44
1.5351604652005896e1	2.8082413824443034e-44
1.536750614538542e1	2.7626667880397287e-44
1.5383407638764943e1	2.7176470328575863e-44
1.5399309132144467e1	2.6731808505443647e-44
1.541521062552399e1	2.6292667783215064e-44
1.5431112118903513e1	2.5859031644551375e-44
1.5447013612283037e1	2.5430881755733224e-44
1.546291510566256e1	2.5008198038310694e-44
1.5478816599042084e1	2.4590958739237604e-44
1.5494718092421607e1	2.417914049949493e-44
1.551061958580113e1	2.377271842121175e-44
1.5526521079180654e1	2.3371666133291186e-44
1.5542422572560177e1	2.2975955855551725e-44
1.55583240659397e1	2.258555846139364e-44
1.5574225559319224e1	2.2200443539002222e-44
1.5590127052698747e1	2.1820579451099344e-44
1.560602854607827e1	2.144593339325677e-44
1.5621930039457794e1	2.1076471450784468e-44
1.5637831532837318e1	2.071215865420864e-44
1.5653733026216841e1	2.035295903335358e-44
1.5669634519596364e1	1.9998835670043792e-44
1.5685536012975888e1	1.964975074944162e-44
1.5701437506355411e1	1.9305665610037737e-44
1.5717338999734935e1	1.8966540792310414e-44
1.5733240493114458e1	1.8632336086072263e-44
1.5749141986493981e1	1.8303010576521285e-44
1.5765043479873505e1	1.7978522689014774e-44
1.5780944973253028e1	1.765883023258456e-44
1.5796846466632552e1	1.734389044221237e-44
1.5812747960012075e1	1.7033660019884074e-44
1.5828649453391598e1	1.6728095174442323e-44
1.5844550946771122e1	1.6427151660256927e-44
1.5860452440150645e1	1.6130784814732459e-44
1.5876353933530169e1	1.5838949594672852e-44
1.5892255426909692e1	1.5551600611522802e-44
1.5908156920289215e1	1.5268692165505807e-44
1.5924058413668739e1	1.4990178278678982e-44
1.5939959907048262e1	1.4716012726924586e-44
1.5955861400427786e1	1.4446149070898133e-44
1.5971762893807309e1	1.418054068595323e-44
1.5987664387186832e1	1.3919140791063214e-44
1.6003565880566356e1	1.3661902476759392e-44
1.601946737394588e1	1.3408778732105963e-44
1.6035368867325403e1	1.31597224707313e-44
1.6051270360704926e1	1.2914686555935488e-44
1.606717185408445e1	1.2673623824893412e-44
1.6083073347463973e1	1.2436487111973509e-44
1.6098974840843496e1	1.22032292711911e-44
1.611487633422302e1	1.1973803197815598e-44
1.6130777827602543e1	1.1748161849151006e-44
1.6146679320982066e1	1.1526258264508363e-44
1.616258081436159e1	1.1308045584389046e-44
1.6178482307741113e1	1.1093477068897393e-44
1.6194383801120637e1	1.0882506115401235e-44
1.621028529450016e1	1.0675086275458257e-44
1.6226186787879683e1	1.0471171271026561e-44
1.6242088281259207e1	1.0270715009976803e-44
1.625798977463873e1	1.0073671600923831e-44
1.6273891268018254e1	9.879995367394933e-45
1.6289792761397777e1	9.689640861351834e-45
1.63056942547773e1	9.502562876083472e-45
1.6321595748156824e1	9.318716458485909e-45
1.6337497241536347e1	9.138056920746146e-45
1.635339873491587e1	8.960539851445655e-45
1.6369300228295394e1	8.786121126099592e-45
1.6385201721674918e1	8.614756917147628e-45
1.640110321505444e1	8.44640370341137e-45
1.6417004708433964e1	8.281018279033809e-45
1.6432906201813488e1	8.11855776191558e-45
1.644880769519301e1	7.958979601662686e-45
1.6464709188572535e1	7.802241587060064e-45
1.6480610681952058e1	7.648301853084955e-45
1.649651217533158e1	7.497118887474212e-45
1.6512413668711105e1	7.348651536858919e-45
1.6528315162090628e1	7.20285901247962e-45
1.654421665547015e1	7.059700895495456e-45
1.6560118148849675e1	6.919137141899815e-45
1.65760196422292e1	6.78112808705517e-45
1.659192113560872e1	6.645634449859333e-45
1.6607822628988245e1	6.512617336555245e-45
1.662372412236777e1	6.382038244196023e-45
1.6639625615747292e1	6.253859063776793e-45
1.6655527109126815e1	6.128042083044799e-45
1.667142860250634e1	6.004549988998512e-45
1.6687330095885862e1	5.883345870086793e-45
1.6703231589265386e1	5.764393218118627e-45
1.671913308264491e1	5.647655929893617e-45
1.6735034576024432e1	5.533098308563442e-45
1.6750936069403956e1	5.4206850647340466e-45
1.676683756278348e1	5.310381317318267e-45
1.6782739056163003e1	5.20215259414808e-45
1.6798640549542526e1	5.0959648323558694e-45
1.681454204292205e1	4.991784378533443e-45
1.6830443536301573e1	4.8895779886775746e-45
1.6846345029681096e1	4.78931282793057e-45
1.686224652306062e1	4.6909564701241014e-45
1.6878148016440143e1	4.594476897134339e-45
1.6894049509819666e1	4.49984249805629e-45
1.690995100319919e1	4.40702206820492e-45
1.6925852496578713e1	4.315984807950546e-45
1.6941753989958237e1	4.2267003213956815e-45
1.695765548333776e1	4.139138614900449e-45
1.6973556976717283e1	4.0532700954632943e-45
1.6989458470096807e1	3.969065568963754e-45
1.700535996347633e1	3.886496238273775e-45
1.7021261456855854e1	3.805533701243727e-45
1.7037162950235377e1	3.726149948569347e-45
1.70530644436149e1	3.648317361545473e-45
1.7068965936994424e1	3.5720087097123967e-45
1.7084867430373947e1	3.4971971484003474e-45
1.710076892375347e1	3.423856216177543e-45
1.7116670417132994e1	3.3519598322071146e-45
1.7132571910512517e1	3.2814822935179454e-45
1.714847340389204e1	3.2123982721944015e-45
1.7164374897271564e1	3.144682812489693e-45
1.7180276390651088e1	3.0783113278675505e-45
1.719617788403061e1	3.013259597976702e-45
1.7212079377410134e1	2.949503765562453e-45
1.7227980870789658e1	2.887020333319656e-45
1.724388236416918e1	2.825786160691041e-45
1.7259783857548705e1	2.7657784606148762e-45
1.7275685350928228e1	2.7069747962257896e-45
1.729158684430775e1	2.6493530775124024e-45
1.7307488337687275e1	2.5928915579353013e-45
1.7323389831066798e1	2.537568831008821e-45
1.733929132444632e1	2.4833638268498825e-45
1.7355192817825845e1	2.43025580869711e-45
1.737109431120537e1	2.37822436940333e-45
1.7386995804584892e1	2.3272494279043328e-45
1.7402897297964415e1	2.2773112256668335e-45
1.741879879134394e1	2.228390323118331e-45
1.7434700284723462e1	2.180467596061537e-45
1.7450601778102985e1	2.1335242320759073e-45
1.746650327148251e1	2.0875417269087242e-45
1.7482404764862032e1	2.042501880858099e-45
1.7498306258241556e1	1.9983867951501332e-45
1.751420775162108e1	1.9551788683124072e-45
1.7530109245000602e1	1.912860792545897e-45
1.7546010738380126e1	1.871415550097322e-45
1.756191223175965e1	1.8308264096337944e-45
1.7577813725139173e1	1.791076922621653e-45
1.7593715218518696e1	1.7521509197112026e-45
1.760961671189822e1	1.714032507129058e-45
1.7625518205277743e1	1.6767060630796808e-45
1.7641419698657266e1	1.640156234157658e-45
1.765732119203679e1	1.6043679317721557e-45
1.7673222685416313e1	1.5693263285849758e-45
1.7689124178795836e1	1.5350168549635343e-45
1.770502567217536e1	1.5014251954500188e-45
1.7720927165554883e1	1.468537285247917e-45
1.7736828658934407e1	1.436339306727092e-45
1.775273015231393e1	1.404817685948464e-45
1.7768631645693453e1	1.3739590892093318e-45
1.7784533139072977e1	1.3437504196103051e-45
1.78004346324525e1	1.3141788136447716e-45
1.7816336125832024e1	1.2852316378117892e-45
1.7832237619211547e1	1.2568964852531659e-45
1.784813911259107e1	1.2291611724155626e-45
1.7864040605970594e1	1.202013735738306e-45
1.7879942099350117e1	1.1754424283676019e-45
1.789584359272964e1	1.1494357168977889e-45
1.7911745086109164e1	1.1239822781402259e-45
1.7927646579488687e1	1.0990709959203773e-45
1.794354807286821e1	1.0746909579035765e-45
1.7959449566247734e1	1.0508314524499892e-45
1.7975351059627258e1	1.02748196549919e-45
1.799125255300678e1	1.004632177484769e-45
1.8007154046386304e1	9.822719602793414e-46
1.8023055539765828e1	9.603913741702913e-46
1.803895703314535e1	9.389806648665646e-46
1.8054858526524875e1	9.180302605367845e-46
1.8070760019904398e1	8.975307688789377e-46
1.808666151328392e1	8.77472974221861e-46
1.8102563006663445e1	8.578478346587071e-46
1.811846450004297e1	8.386464792125666e-46
1.813436599342249e1	8.19860205034388e-46
1.8150267486802015e1	8.014804746333055e-46
1.816616898018154e1	7.834989131394825e-46
1.8182070473561062e1	7.659073055995339e-46
1.8197971966940585e1	7.486975943045817e-46
1.821387346032011e1	7.318618761509813e-46
1.8229774953699632e1	7.153924000337205e-46
1.8245676447079155e1	6.992815642724928e-46
1.826157794045868e1	6.835219140704158e-46
1.8277479433838202e1	6.681061390053613e-46
1.8293380927217726e1	6.5302707055382674e-46
1.830928242059725e1	6.382776796472859e-46
1.8325183913976772e1	6.238510742609264e-46
1.8341085407356296e1	6.097404970346702e-46
1.835698690073582e1	5.9593932292636045e-46
1.8372888394115343e1	5.824410568969962e-46
1.8388789887494866e1	5.692393316278599e-46
1.840469138087439e1	5.5632790526940066e-46
1.8420592874253913e1	5.437006592216915e-46
1.8436494367633436e1	5.31351595946305e-46
1.845239586101296e1	5.192748368094115e-46
1.8468297354392483e1	5.074646199559112e-46
1.8484198847772007e1	4.9591529821440016e-46
1.850010034115153e1	4.8462133703275676e-46
1.8516001834531053e1	4.73577312444133e-46
1.8531903327910577e1	4.627779090631209e-46
1.85478048212901e1	4.522179181118675e-46
1.8563706314669624e1	4.418922354758956e-46
1.8579607808049147e1	4.317958597893867e-46
1.859550930142867e1	4.21923890549678e-46
1.8611410794808194e1	4.122715262607104e-46
1.8627312288187717e1	4.0283406260517255e-46
1.864321378156724e1	3.936068906450782e-46
1.8659115274946764e1	3.845854950504976e-46
1.8675016768326287e1	3.7576545235618246e-46
1.869091826170581e1	3.671424292457926e-46
1.8706819755085334e1	3.587121808634591e-46
1.8722721248464858e1	3.5047054915239e-46
1.873862274184438e1	3.4241346122023906e-46
1.8754524235223904e1	3.3453692773094454e-46
1.8770425728603428e1	3.268370413227546e-46
1.878632722198295e1	3.193099750521441e-46
1.8802228715362475e1	3.1195198086332263e-46
1.8818130208741998e1	3.04759388083052e-46
1.883403170212152e1	2.9772860194046815e-46
1.8849933195501045e1	2.908561021116148e-46
1.8865834688880568e1	2.841384412883876e-46
1.888173618226009e1	2.7757224377159364e-46
1.8897637675639615e1	2.711542040878293e-46
1.891353916901914e1	2.648810856298749e-46
1.892944066239866e1	2.5874971932031016e-46
1.8945342155778185e1	2.5275700229805092e-46
1.896124364915771e1	2.4689989662751247e-46
1.8977145142537232e1	2.411754280300973e-46
1.8993046635916755e1	2.3558068463771546e-46
1.900894812929628e1	2.3011281576804297e-46
1.9024849622675802e1	2.2476903072121737e-46
1.9040751116055326e1	2.1954659759768467e-46
1.905665260943485e1	2.1444284213689733e-46
1.9072554102814372e1	2.0945514657658188e-46
1.9088455596193896e1	2.0458094853227892e-46
1.910435708957342e1	1.998177398968703e-46
1.9120258582952943e1	1.951630657598085e-46
1.9136160076332466e1	1.9061452334576126e-46
1.915206156971199e1	1.8616976097239197e-46
1.9167963063091513e1	1.818264770269902e-46
1.9183864556471036e1	1.7758241896167763e-46
1.919976604985056e1	1.7343538230691199e-46
1.9215667543230083e1	1.6938320970301179e-46
1.9231569036609606e1	1.6542378994943242e-46
1.924747052998913e1	1.6155505707152132e-46
1.9263372023368653e1	1.5777498940448498e-46
1.9279273516748177e1	1.5408160869429965e-46
1.92951750101277e1	1.5047297921530854e-46
1.9311076503507223e1	1.4694720690423744e-46
1.9326977996886747e1	1.4350243851037653e-46
1.934287949026627e1	1.4013686076166742e-46
1.9358780983645794e1	1.3684869954644537e-46
1.9374682477025317e1	1.3363621911058448e-46
1.939058397040484e1	1.304977212697974e-46
1.9406485463784364e1	1.2743154463684608e-46
1.9422386957163887e1	1.2443606386341935e-46
1.943828845054341e1	1.2150968889643546e-46
1.9454189943922934e1	1.1865086424853502e-46
1.9470091437302457e1	1.1585806828252782e-46
1.948599293068198e1	1.1312981250956087e-46
1.9501894424061504e1	1.1046464090078063e-46
1.9517795917441028e1	1.0786112921226088e-46
1.953369741082055e1	1.0531788432297174e-46
1.9549598904200074e1	1.0283354358557178e-46
1.9565500397579598e1	1.004067741898006e-46
1.958140189095912e1	9.803627253825953e-47
1.9597303384338645e1	9.572076363436729e-47
1.9613204877718168e1	9.345900048227814e-47
1.962910637109769e1	9.12497634985578e-47
1.9645007864477215e1	8.909185993541108e-47
1.9660909357856738e1	8.698412331525857e-47
1.967681085123626e1	8.492541287646624e-47
1.9692712344615785e1	8.291461303002806e-47
1.970861383799531e1	8.095063282700946e-47
1.9724515331374832e1	7.903240543656071e-47
1.9740416824754355e1	7.715888763431162e-47
1.975631831813388e1	7.532905930096176e-47
1.9772219811513402e1	7.354192293088347e-47
1.9788121304892925e1	7.179650315055641e-47
1.980402279827245e1	7.009184624665728e-47
1.9819924291651972e1	6.842701970362837e-47
1.9835825785031496e1	6.680111175055291e-47
1.985172727841102e1	6.521323091716674e-47
1.9867628771790542e1	6.366250559883992e-47
1.9883530265170066e1	6.214808363036201e-47
1.989943175854959e1	6.066913186836968e-47
1.9915333251929113e1	5.922483578225592e-47
1.9931234745308636e1	5.781439905340466e-47
1.994713623868816e1	5.643704318259435e-47
1.9963037732067683e1	5.50920071054188e-47
1.9978939225447206e1	5.377854681557514e-47
1.999484071882673e1	5.249593499587086e-47
2.0010742212206253e1	5.12434606568047e-47
2.0026643705585776e1	5.002042878257843e-47
2.00425451989653e1	4.882615998439805e-47
2.0058446692344823e1	4.7659990160927e-47
2.0074348185724347e1	4.652127016575397e-47
2.009024967910387e1	4.540936548174301e-47
2.0106151172483393e1	4.432365590213235e-47
2.0122052665862917e1	4.3263535218253373e-47
2.013795415924244e1	4.2228410913742063e-47
2.0153855652621964e1	4.1217703865118244e-47
2.0169757146001487e1	4.0230848048608153e-47
2.018565863938101e1	3.926729025309013e-47
2.0201560132760534e1	3.832648979904469e-47
2.0217461626140057e1	3.740791826339117e-47
2.023336311951958e1	3.6511059210096675e-47
2.0249264612899104e1	3.5635407926443544e-47
2.0265166106278627e1	3.4780471164845124e-47
2.028106759965815e1	3.394576689010032e-47
2.0296969093037674e1	3.3130824031979256e-47
2.0312870586417198e1	3.2335182243035974e-47
2.032877207979672e1	3.155839166154344e-47
2.0344673573176244e1	3.080001267944976e-47
2.0360575066555768e1	3.0059615715255424e-47
2.037647655993529e1	2.933678099171428e-47
2.0392378053314815e1	2.863109831826116e-47
2.0408279546694338e1	2.794216687807156e-47
2.042418104007386e1	2.7269595019661254e-47
2.0440082533453385e1	2.6613000052933804e-47
2.045598402683291e1	2.597200804958671e-47
2.047188552021243e1	2.534625364778843e-47
2.0487787013591955e1	2.473537986103989e-47
2.050368850697148e1	2.4139037891135566e-47
2.0519590000351002e1	2.3556886945141047e-47
2.0535491493730525e1	2.2988594056305747e-47
2.055139298711005e1	2.243383390882995e-47
2.0567294480489572e1	2.1892288666408267e-47
2.0583195973869095e1	2.1363647804471958e-47
2.059909746724862e1	2.0847607946054226e-47
2.0614998960628142e1	2.0343872701204525e-47
2.0630900454007666e1	1.9852152509878924e-47
2.064680194738719e1	1.9372164488234454e-47
2.0662703440766713e1	1.890363227825785e-47
2.0678604934146236e1	1.8446285900659663e-47
2.069450642752576e1	1.7999861610965724e-47
2.0710407920905283e1	1.756410175874041e-47
2.0726309414284806e1	1.7138754649876167e-47
2.074221090766433e1	1.6723574411885693e-47
2.0758112401043853e1	1.6318320862134058e-47
2.0774013894423376e1	1.5922759378949863e-47
2.07899153878029e1	1.5536660775554762e-47
2.0805816881182423e1	1.5159801176752752e-47
2.0821718374561947e1	1.4791961898320908e-47
2.083761986794147e1	1.4432929329045362e-47
2.0853521361320993e1	1.408249481534656e-47
2.0869422854700517e1	1.374045454843936e-47
2.088532434808004e1	1.3406609453974487e-47
2.0901225841459564e1	1.308076508410887e-47
2.0917127334839087e1	1.2762731511953515e-47
2.093302882821861e1	1.24523232283485e-47
2.0948930321598134e1	1.2149359040915646e-47
2.0964831814977657e1	1.1853661975340662e-47
2.098073330835718e1	1.1565059178836988e-47
2.0996634801736704e1	1.1283381825745054e-47
2.1012536295116227e1	1.1008465025221262e-47
2.102843778849575e1	1.074014773097211e-47
2.1044339281875274e1	1.0478272652989433e-47
2.1060240775254798e1	1.0222686171244117e-47
2.107614226863432e1	9.973238251296068e-48
2.1092043762013844e1	9.729782361779249e-48
2.1107945255393368e1	9.492175393721365e-48
2.112384674877289e1	9.260277581658799e-48
2.1139748242152415e1	9.033952426507751e-48
2.1155649735531938e1	8.813066620153777e-48
2.117155122891146e1	8.597489971722494e-48
2.1187452722290985e1	8.387095335494874e-48
2.1203354215670508e1	8.181758540431568e-48
2.121925570905003e1	7.981358321271054e-48
2.1235157202429555e1	7.78577625116748e-48
2.125105869580908e1	7.594896675834506e-48
2.12669601891886e1	7.408606649162325e-48
2.1282861682568125e1	7.226795870275598e-48
2.129876317594765e1	7.049356622000707e-48
2.1314664669327172e1	6.876183710711374e-48
2.1330566162706695e1	6.707174407522452e-48
2.134646765608622e1	6.542228390802134e-48
2.1362369149465742e1	6.381247689973555e-48
2.1378270642845266e1	6.224136630577309e-48
2.139417213622479e1	6.070801780567009e-48
2.1410073629604312e1	5.921151897810566e-48
2.1425975122983836e1	5.775097878770572e-48
2.144187661636336e1	5.632552708337455e-48
2.1457778109742883e1	5.49343141078979e-48
2.1473679603122406e1	5.357651001856749e-48
2.148958109650193e1	5.2251304418579757e-48
2.1505482589881453e1	5.095790589896917e-48
2.1521384083260976e1	4.969554159083972e-48
2.15372855766405e1	4.846345672766368e-48
2.1553187070020023e1	4.726091421742148e-48
2.1569088563399546e1	4.6087194224361783e-48
2.158499005677907e1	4.494159376016438e-48
2.1600891550158593e1	4.3823426284294046e-48
2.1616793043538117e1	4.273202131333712e-48
2.163269453691764e1	4.1666724039117515e-48
2.1648596030297163e1	4.0626894955392746e-48
2.1664497523676687e1	3.961190949293512e-48
2.168039901705621e1	3.862115766280651e-48
2.1696300510435734e1	3.765404370764007e-48
2.1712202003815257e1	3.670998576074565e-48
2.172810349719478e1	3.5788415512859157e-48
2.1744004990574304e1	3.4888777886360587e-48
2.1759906483953827e1	3.401053071678867e-48
2.177580797733335e1	3.3153144441483847e-48
2.1791709470712874e1	3.2316101795194185e-48
2.1807610964092397e1	3.149889751248349e-48
2.182351245747192e1	3.070103803678328e-48
2.1839413950851444e1	2.9922041235933156e-48
2.1855315444230968e1	2.9161436124058853e-48
2.187121693761049e1	2.841876258963935e-48
2.1887118430990014e1	2.7693571129616907e-48
2.1903019924369538e1	2.6985422589408745e-48
2.191892141774906e1	2.629388790868034e-48
2.1934822911128585e1	2.5618547872743507e-48
2.1950724404508108e1	2.4958992869446156e-48
2.196662589788763e1	2.431482265142236e-48
2.1982527391267155e1	2.368564610357479e-48
2.199842888464668e1	2.3071081015663355e-48
2.20143303780262e1	2.2470753859877258e-48
2.2030231871405725e1	2.1884299573269836e-48
2.204613336478525e1	2.1311361344938012e-48
2.2062034858164772e1	2.0751590407830924e-48
2.2077936351544295e1	2.0204645835073856e-48
2.209383784492382e1	1.9670194340696727e-48
2.2109739338303342e1	1.9147910084658098e-48
2.2125640831682865e1	1.8637474482058262e-48
2.214154232506239e1	1.8138576016436407e-48
2.2157443818441912e1	1.7650910057050116e-48
2.2173345311821436e1	1.7174178680035962e-48
2.218924680520096e1	1.6708090493353362e-48
2.2205148298580482e1	1.62523604654147e-48
2.2221049791960006e1	1.580670975730756e-48
2.223695128533953e1	1.537086555851596e-48
2.2252852778719053e1	1.4944560926049588e-48
2.2268754272098576e1	1.4527534626891825e-48
2.22846557654781e1	1.4119530983679118e-48
2.2300557258857623e1	1.3720299723525747e-48
2.2316458752237146e1	1.3329595829909575e-48
2.233236024561667e1	1.2947179397536225e-48
2.2348261738996193e1	1.2572815490100529e-48
2.2364163232375716e1	1.2206274000865469e-48
2.238006472575524e1	1.1847329515980439e-48
2.2395966219134763e1	1.1495761180462115e-48
2.2411867712514287e1	1.1151352566762218e-48
2.242776920589381e1	1.0813891545848366e-48
2.2443670699273333e1	1.0483170160724976e-48
2.2459572192652857e1	1.0158984502322869e-48
2.247547368603238e1	9.841134587686973e-49
2.2491375179411904e1	9.529424240393166e-49
2.2507276672791427e1	9.223660973126326e-49
2.252317816617095e1	8.923655872352426e-49
2.2539079659550474e1	8.629223485019126e-49
2.2554981152929997e1	8.34018170722001e-49
2.257088264630952e1	8.056351674758667e-49
2.2586784139689044e1	7.777557655549777e-49
2.2602685633068567e1	7.503626943795534e-49
2.261858712644809e1	7.234389755876378e-49
2.2634488619827614e1	6.969679127895953e-49
2.2650390113207138e1	6.709330814821147e-49
2.266629160658666e1	6.453183191158792e-49
2.2682193099966184e1	6.201077153111353e-49
2.2698094593345708e1	5.952856022154804e-49
2.271399608672523e1	5.708365449982595e-49
2.2729897580104755e1	5.4674533247600775e-49
2.2745799073484278e1	5.2299696786347624e-49
2.27617005668638e1	4.995766596448166e-49
2.2777602060243325e1	4.764698125595649e-49
2.279350355362285e1	4.536620186981298e-49
2.280940504700237e1	4.311390487015324e-49
2.2825306540381895e1	4.088868430602112e-49
2.284120803376142e1	3.868915035067318e-49
2.2857109527140942e1	3.651392844973104e-49
2.2873011020520465e1	3.4361658477708406e-49
2.288891251389999e1	3.223099390241131e-49
2.2904814007279512e1	3.012060095671235e-49
2.2920715500659036e1	2.8029157817205024e-49
2.293661699403856e1	2.595535378924527e-49
2.2952518487418082e1	2.3897888497891807e-49
2.2968419980797606e1	2.185547108425817e-49
2.298432147417713e1	1.982681940679239e-49
2.3000222967556653e1	1.7810659247002306e-49
2.3016124460936176e1	1.580572351914528e-49
2.30320259543157e1	1.3810751483403433e-49
2.3047927447695223e1	1.1824487962066376e-49
2.3063828941074746e1	9.84568255824404e-50
2.307973043445427e1	7.873088876632956e-50
2.3095631927833793e1	5.905463745859615e-50
2.3111533421213316e1	3.9415664419246936e-50
2.312743491459284e1	1.9801579122712656e-50