position	wave function
6.50129538577543e0	-1.3694008293870072e-56
6.503022566809337e0	-2.73530184263302e-56
6.504749747843244e0	-4.108067532059824e-56
6.5064769288771505e0	-5.491105150382035e-56
6.508204109911057e0	-6.887821662489964e-56
6.509931290944964e0	-8.301632055614127e-56
6.511658471978871e0	-9.735967542770708e-56
6.513385653012778e0	-1.1194283680497794e-55
6.515112834046684e0	-1.268006842121739e-55
6.516840015080591e0	-1.4196850119947328e-55
6.518567196114498e0	-1.5748205514530601e-55
6.520294377148405e0	-1.733776769805114e-55
6.5220215581823116e0	-1.8969234101658506e-55
6.523748739216218e0	-2.0646374505626623e-55
6.525475920250125e0	-2.2373039096122048e-55
6.527203101284032e0	-2.415316658485407e-55
6.528930282317939e0	-2.5990792408518536e-55
6.5306574633518455e0	-2.789005702472735e-55
6.532384644385752e0	-2.985521432093668e-55
6.534111825419659e0	-3.1890640152749155e-55
6.535839006453566e0	-3.400084102785551e-55
6.537566187487473e0	-3.619046295181787e-55
6.539293368521379e0	-3.846430045185845e-55
6.541020549555286e0	-4.0827305794818305e-55
6.542747730589193e0	-4.3284598415481316e-55
6.5444749116231e0	-4.584147457151656e-55
6.546202092657007e0	-4.8503417241387634e-55
6.547929273690913e0	-5.127610628169658e-55
6.54965645472482e0	-5.416542886058029e-55
6.551383635758727e0	-5.7177490183952755e-55
6.553110816792634e0	-6.031862453159479e-55
6.5548379978265405e0	-6.359540662032107e-55
6.556565178860447e0	-6.701466331171405e-55
6.558292359894354e0	-7.05834856821994e-55
6.560019540928261e0	-7.43092414735461e-55
6.561746721962168e0	-7.819958794221041e-55
6.5634739029960745e0	-8.226248512630352e-55
6.565201084029981e0	-8.65062095493503e-55
6.566928265063888e0	-9.09393683804128e-55
6.568655446097795e0	-9.557091407059129e-55
6.570382627131702e0	-1.0041015948637203e-54
6.572109808165608e0	-1.0546679356078676e-54
6.573836989199515e0	-1.1075089748383947e-54
6.575564170233422e0	-1.162729614542083e-54
6.577291351267329e0	-1.2204390201478132e-54
6.579018532301236e0	-1.2807507999517044e-54
6.580745713335142e0	-1.343783190849593e-54
6.582472894369049e0	-1.4096592506207127e-54
6.584200075402956e0	-1.478507057013108e-54
6.585927256436863e0	-1.5504599138881886e-54
6.5876544374707695e0	-1.6256565646888152e-54
6.589381618504676e0	-1.7042414135029332e-54
6.591108799538583e0	-1.7863647540021536e-54
6.59283598057249e0	-1.8721830065428774e-54
6.594563161606397e0	-1.9618589637256036e-54
6.5962903426403035e0	-2.0555620447166064e-54
6.59801752367421e0	-2.1534685586448244e-54
6.599744704708117e0	-2.2557619773961317e-54
6.601471885742024e0	-2.362633218136049e-54
6.603199066775931e0	-2.4742809359022212e-54
6.604926247809837e0	-2.5909118266172483e-54
6.606653428843744e0	-2.7127409408833434e-54
6.608380609877651e0	-2.839992008930354e-54
6.610107790911558e0	-2.972897777099865e-54
6.6118349719454645e0	-3.111700356259258e-54
6.613562152979371e0	-3.256651582551086e-54
6.615289334013278e0	-3.4080133908950875e-54
6.617016515047185e0	-3.566058201672224e-54
6.618743696081092e0	-3.731069321032908e-54
6.6204708771149985e0	-3.903341355284443e-54
6.622198058148905e0	-4.0831806398259124e-54
6.623925239182812e0	-4.2709056831124904e-54
6.625652420216719e0	-4.466847626145193e-54
6.627379601250626e0	-4.6713507179966256e-54
6.629106782284532e0	-4.884772807897894e-54
6.630833963318439e0	-5.1074858544270445e-54
6.632561144352346e0	-5.33987645235559e-54
6.634288325386253e0	-5.582346377724992e-54
6.63601550642016e0	-5.835313151741979e-54
6.637742687454066e0	-6.099210624098025e-54
6.639469868487973e0	-6.374489576336506e-54
6.64119704952188e0	-6.661618345907876e-54
6.642924230555787e0	-6.961083471572069e-54
6.6446514115896935e0	-7.273390360826155e-54
6.6463785926236e0	-7.599063980054349e-54
6.648105773657507e0	-7.938649568116698e-54
6.649832954691414e0	-8.292713374114334e-54
6.651560135725321e0	-8.66184342008834e-54
6.6532873167592275e0	-9.046650289431572e-54
6.655014497793134e0	-9.44776794181466e-54
6.656741678827041e0	-9.865854555448523e-54
6.658468859860948e0	-1.030159339753039e-53
6.660196040894855e0	-1.075569372374218e-53
6.661923221928761e0	-1.1228891707695294e-53
6.663650402962668e0	-1.172195140123989e-53
6.665377583996575e0	-1.2235665726581605e-53
6.667104765030482e0	-1.277085750117548e-53
6.668831946064389e0	-1.3328380496392432e-53
6.670559127098295e0	-1.3909120530981192e-53
6.672286308132202e0	-1.4513996600375832e-53
6.674013489166109e0	-1.514396204292831e-53
6.675740670200016e0	-1.5800005744173076e-53
6.6774678512339225e0	-1.6483153380262007e-53
6.679195032267829e0	-1.7194468701736667e-53
6.680922213301736e0	-1.7935054858838645e-53
6.682649394335643e0	-1.8706055769587217e-53
6.68437657536955e0	-1.9508657531888868e-53
6.686103756403456e0	-2.034408988097534e-53
6.687830937437363e0	-2.1213627693500266e-53
6.68955811847127e0	-2.2118592539661475e-53
6.691285299505177e0	-2.306035428474951e-53
6.693012480539084e0	-2.4040332741560536e-53
6.69473966157299e0	-2.505999937514762e-53
6.696466842606897e0	-2.61208790614256e-53
6.698194023640804e0	-2.722455190117931e-53
6.699921204674711e0	-2.837265509106879e-53
6.7016483857086175e0	-2.9566884853262405e-53
6.703375566742524e0	-3.080899842537296e-53
6.705102747776431e0	-3.21008161124127e-53
6.706829928810338e0	-3.3444223402526876e-53
6.708557109844245e0	-3.484117314831014e-53
6.7102842908781515e0	-3.6293687815554534e-53
6.712011471912058e0	-3.780386180132526e-53
6.713738652945965e0	-3.9373863823305277e-53
6.715465833979872e0	-4.1005939382401246e-53
6.717193015013779e0	-4.270241330064901e-53
6.718920196047685e0	-4.4465692336509545e-53
6.720647377081592e0	-4.629826787969564e-53
6.722374558115499e0	-4.820271872772456e-53
6.724101739149406e0	-5.018171394644097e-53
6.725828920183313e0	-5.223801581681299e-53
6.727556101217219e0	-5.43744828703578e-53
6.729283282251126e0	-5.659407301560916e-53
6.731010463285033e0	-5.889984675809869e-53
6.73273764431894e0	-6.129497051638133e-53
6.7344648253528465e0	-6.37827200366946e-53
6.736192006386753e0	-6.6366483908901535e-53
6.73791918742066e0	-6.904976718643511e-53
6.739646368454567e0	-7.183619511301665e-53
6.741373549488474e0	-7.472951695899463e-53
6.7431007305223805e0	-7.773360997020835e-53
6.744827911556287e0	-8.085248343235797e-53
6.746555092590194e0	-8.409028285392172e-53
6.748282273624101e0	-8.745129427073432e-53
6.750009454658008e0	-9.09399486754172e-53
6.751736635691914e0	-9.45608265749138e-53
6.753463816725821e0	-9.831866267946608e-53
6.755190997759728e0	-1.022183507264418e-52
6.756918178793635e0	-1.0626494844249392e-52
6.7586453598275416e0	-1.1046368264761608e-52
6.760372540861448e0	-1.1481995450473891e-52
6.762099721895355e0	-1.1933934491858909e-52
6.763826902929262e0	-1.2402762008762022e-52
6.765554083963169e0	-1.288907372129001e-52
6.7672812649970755e0	-1.339348503679372e-52
6.769008446030982e0	-1.391663165335042e-52
6.770735627064889e0	-1.4459170180161035e-52
6.772462808098796e0	-1.5021778775286547e-52
6.774189989132703e0	-1.5605157801156665e-52
6.775917170166609e0	-1.6210030498293568e-52
6.777644351200516e0	-1.6837143677702067e-52
6.779371532234423e0	-1.7487268432389307e-52
6.78109871326833e0	-1.8161200868483788e-52
6.782825894302237e0	-1.8859762856436294e-52
6.784553075336143e0	-1.958380280279406e-52
6.78628025637005e0	-2.0334196443049487e-52
6.788007437403957e0	-2.11118476560766e-52
6.789734618437864e0	-2.1917689300677578e-52
6.7914617994717705e0	-2.2752684074772674e-52
6.793188980505677e0	-2.361782539777904e-52
6.794916161539584e0	-2.451413831673438e-52
6.796643342573491e0	-2.5442680436730955e-52
6.798370523607398e0	-2.6404542876241496e-52
6.8000977046413045e0	-2.7400851247924004e-52
6.801824885675211e0	-2.8432766665510247e-52
6.803552066709118e0	-2.950148677739077e-52
6.805279247743025e0	-3.060824682752282e-52
6.807006428776932e0	-3.1754320744301265e-52
6.808733609810838e0	-3.294102225804223e-52
6.810460790844745e0	-3.416970604774408e-52
6.812187971878652e0	-3.544176891780373e-52
6.813915152912559e0	-3.6758651005377914e-52
6.815642333946466e0	-3.812183701909351e-52
6.817369514980372e0	-3.953285750982264e-52
6.819096696014279e0	-4.099329017425454e-52
6.820823877048186e0	-4.250476119200952e-52
6.822551058082093e0	-4.406894659705224e-52
6.8242782391159995e0	-4.568757368417833e-52
6.826005420149906e0	-4.736242245136239e-52
6.827732601183813e0	-4.909532707876897e-52
6.82945978221772e0	-5.0888177445244314e-52
6.831186963251627e0	-5.274292068311975e-52
6.8329141442855335e0	-5.4661562772177416e-52
6.83464132531944e0	-5.664617017363678e-52
6.836368506353347e0	-5.8698871505045586e-52
6.838095687387254e0	-6.082185925696523e-52
6.839822868421161e0	-6.3017391552364634e-52
6.841550049455067e0	-6.528779394964893e-52
6.843277230488974e0	-6.763546129026536e-52
6.845004411522881e0	-7.006285959184673e-52
6.846731592556788e0	-7.257252798786948e-52
6.8484587735906945e0	-7.51670807148204e-52
6.850185954624601e0	-7.784920914788557e-52
6.851913135658508e0	-8.062168388618559e-52
6.853640316692415e0	-8.348735688860947e-52
6.855367497726322e0	-8.644916366130506e-52
6.8570946787602285e0	-8.951012549791527e-52
6.858821859794135e0	-9.267335177365734e-52
6.860549040828042e0	-9.59420422943627e-52
6.862276221861949e0	-9.931948970161902e-52
6.864003402895856e0	-1.0280908193517073e-51
6.865730583929762e0	-1.0641430475375209e-51
6.867457764963669e0	-1.1013874431554803e-51
6.869184945997576e0	-1.1398608981950336e-51
6.870912127031483e0	-1.179601362087039e-51
6.87263930806539e0	-1.2206478693709507e-51
6.874366489099296e0	-1.2630405680080417e-51
6.876093670133203e0	-1.3068207483536698e-51
6.87782085116711e0	-1.3520308728016987e-51
6.879548032201017e0	-1.398714606114435e-51
6.8812752132349235e0	-1.4469168464516973e-51
6.88300239426883e0	-1.4966837571127032e-51
6.884729575302737e0	-1.5480627990048414e-51
6.886456756336644e0	-1.6011027638534915e-51
6.888183937370551e0	-1.6558538081673796e-51
6.8899111184044575e0	-1.7123674879739782e-51
6.891638299438364e0	-1.7706967943399075e-51
6.893365480472271e0	-1.8308961896913952e-51
6.895092661506178e0	-1.8930216449500754e-51
6.896819842540085e0	-1.957130677499696e-51
6.898547023573991e0	-2.0232823899993783e-51
6.900274204607898e0	-2.0915375100595405e-51
6.902001385641805e0	-2.1619584307966798e-51
6.903728566675712e0	-2.2346092522832804e-51
6.905455747709619e0	-2.309555823909746e-51
6.907182928743525e0	-2.3868657876751822e-51
6.908910109777432e0	-2.466608622424085e-51
6.910637290811339e0	-2.54885568904642e-51
6.912364471845246e0	-2.6336802766586935e-51
6.9140916528791525e0	-2.721157649783868e-51
6.915818833913059e0	-2.811365096548156e-51
6.917546014946966e0	-2.9043819779132036e-51
6.919273195980873e0	-3.0002897779620486e-51
6.92100037701478e0	-3.099172155257797e-51
6.9227275580486864e0	-3.2011149952942073e-51
6.924454739082593e0	-3.30620646405722e-51
6.9261819201165e0	-3.414537062717267e-51
6.927909101150407e0	-3.526199683472109e-51
6.929636282184314e0	-3.6412896665602415e-51
6.93136346321822e0	-3.759904858465249e-51
6.9326588489936505e0	-3.851239976695094e-51
6.934386030027557e0	-3.976267478326112e-51
6.936113211061464e0	-4.105102678917897e-51
6.937840392095371e0	-4.237853362682069e-51
6.939567573129278e0	-4.374630113449414e-51
6.941294754163184e0	-4.515546380129349e-51
6.943021935197091e0	-4.660718543504098e-51
6.944749116230998e0	-4.8102659843801344e-51
6.946476297264905e0	-4.9643111531193037e-51
6.948203478298812e0	-5.122979640572326e-51
6.949930659332718e0	-5.2864002504380507e-51
6.951657840366625e0	-5.454705073071596e-51
6.953385021400532e0	-5.628029560764972e-51
6.955112202434439e0	-5.806512604524215e-51
6.9568393834683455e0	-5.990296612367026e-51
6.958566564502252e0	-6.179527589165128e-51
6.960293745536159e0	-6.374355218056498e-51
6.962020926570066e0	-6.574932943451798e-51
6.963748107603973e0	-6.781418055660394e-51
6.9654752886378795e0	-6.993971777161608e-51
6.967202469671786e0	-7.21275935054645e-51
6.968929650705693e0	-7.437950128155933e-51
6.9706568317396e0	-7.66971766344229e-51
6.972384012773507e0	-7.908239804079517e-51
6.974111193807413e0	-8.153698786849508e-51
6.97583837484132e0	-8.406281334331435e-51
6.977565555875227e0	-8.666178753420984e-51
6.979292736909134e0	-8.933587035707121e-51
6.9810199179430406e0	-9.20870695973426e-51
6.982747098976947e0	-9.491744195177574e-51
6.984474280010854e0	-9.782909408959267e-51
6.986201461044761e0	-1.0082418373335467e-50
6.987928642078668e0	-1.0390492075980999e-50
6.9896558231125745e0	-1.0707356832101828e-50
6.991383004146481e0	-1.103324439860418e-50
6.993110185180388e0	-1.1368392090349685e-50
6.994837366214295e0	-1.1713042898526218e-50
6.996564547248202e0	-1.2067445611164157e-50
6.998291728282108e0	-1.2431854935828516e-50
7.000018909316015e0	-1.280653162451731e-50
7.001746090349922e0	-1.319174260079595e-50
7.003473271383829e0	-1.3587761089199972e-50
7.005200452417736e0	-1.3994866746935196e-50
7.006927633451642e0	-1.4413345797908288e-50
7.008654814485549e0	-1.4843491169118219e-50
7.010381995519456e0	-1.5285602629440473e-50
7.012109176553363e0	-1.5739986930836051e-50
7.0138363575872695e0	-1.6206957952017432e-50
7.015563538621176e0	-1.6686836844603075e-50
7.017290719655083e0	-1.717995218179397e-50
7.01901790068899e0	-1.7686640109604255e-50
7.020745081722897e0	-1.820724450067897e-50
7.0224722627568035e0	-1.8742117110732024e-50
7.02419944379071e0	-1.9291617737637196e-50
7.025926624824617e0	-1.985611438320636e-50
7.027653805858524e0	-2.043598341768787e-50
7.029380986892431e0	-2.1031609747019504e-50
7.031108167926337e0	-2.1643386982869075e-50
7.032835348960244e0	-2.2271717615497465e-50
7.034562529994151e0	-2.2917013189478208e-50
7.036289711028058e0	-2.357969448230733e-50
7.038016892061965e0	-2.426019168593895e-50
7.039744073095871e0	-2.495894459128108e-50
7.041471254129778e0	-2.5676402775685636e-50
7.043198435163685e0	-2.6413025793468644e-50
7.044925616197592e0	-2.716928336949493e-50
7.0466527972314985e0	-2.794565559586304e-50
7.048379978265405e0	-2.8742633131724815e-50
7.050107159299312e0	-2.9560717406275887e-50
7.051834340333219e0	-3.040042082495213e-50
7.053561521367126e0	-3.126226697886728e-50
7.0552887024010325e0	-3.2146790857528495e-50
7.057015883434939e0	-3.3054539064863876e-50
7.058743064468846e0	-3.398607003859849e-50
7.060470245502753e0	-3.494195427301624e-50
7.06219742653666e0	-3.5922774545140044e-50
7.063924607570566e0	-3.692912614436968e-50
7.065651788604473e0	-3.796161710561074e-50
7.06737896963838e0	-3.902086844593227e-50
7.069106150672287e0	-4.010751440478802e-50
7.0708333317061935e0	-4.1222202687837815e-50
7.0725605127401e0	-4.236559471440542e-50
7.074287693774007e0	-4.353836586860759e-50
7.076014874807914e0	-4.474120575419106e-50
7.077742055841821e0	-4.597481845311362e-50
7.0794692368757275e0	-4.723992278790517e-50
7.081196417909634e0	-4.853725258784385e-50
7.082923598943541e0	-4.986755695898449e-50
7.084650779977448e0	-5.123160055807187e-50
7.086377961011355e0	-5.26301638703792e-50
7.088105142045261e0	-5.406404349150242e-50
7.089832323079168e0	-5.553405241315051e-50
7.091559504113075e0	-5.704102031296226e-50
7.093286685146982e0	-5.858579384838981e-50
7.095013866180889e0	-6.016923695467893e-50
7.096741047214795e0	-6.179223114698602e-50
7.098468228248702e0	-6.345567582666078e-50
7.100195409282609e0	-6.516048859173614e-50
7.101922590316516e0	-6.690760555165337e-50
7.1036497713504225e0	-6.869798164626004e-50
7.105376952384329e0	-7.053259096911448e-50
7.107104133418236e0	-7.241242709513195e-50
7.108831314452143e0	-7.433850341260048e-50
7.11055849548605e0	-7.631185345960628e-50
7.11314926703691e0	-7.93628281487017e-50
7.116603629104723e0	-8.36062657447624e-50
7.120057991172537e0	-8.805845841903864e-50
7.123512353240351e0	-9.272870129796113e-50
7.126966715308164e0	-9.76266546134458e-50
7.130421077375978e0	-1.0276235578484368e-49
7.133875439443791e0	-1.081462318041715e-49
7.137329801511605e0	-1.1378911192838997e-49
7.1407841635794185e0	-1.1970224068237058e-49
7.144238525647232e0	-1.2589729117608657e-49
7.147692887715046e0	-1.3238637873942986e-49
7.151147249782859e0	-1.3918207487791995e-49
7.154601611850673e0	-1.4629742155243531e-49
7.158055973918486e0	-1.5374594578593689e-49
7.1615103359863e0	-1.6154167459999704e-49
7.1649646980541135e0	-1.6969915028378402e-49
7.168419060121927e0	-1.7823344599796213e-49
7.171873422189741e0	-1.871601817157927e-49
7.175327784257554e0	-1.9649554050351154e-49
7.178782146325368e0	-2.0625628514186845e-49
7.182236508393181e0	-2.164597750904895e-49
7.185690870460995e0	-2.2712398379649525e-49
7.1891452325288085e0	-2.382675163485881e-49
7.192599594596622e0	-2.499096274775619e-49
7.196053956664436e0	-2.620702399039391e-49
7.199508318732249e0	-2.7476996303318847e-49
7.202962680800063e0	-2.8803011199867953e-49
7.206417042867876e0	-3.018727270522713e-49
7.20987140493569e0	-3.1632059330213133e-49
7.213325767003504e0	-3.3139726079705982e-49
7.216780129071317e0	-3.4712706495630215e-49
7.220234491139131e0	-3.635351473435173e-49
7.223688853206944e0	-3.806474767831968e-49
7.227143215274758e0	-3.984908708175223e-49
7.2305975773425715e0	-4.170930175012969e-49
7.234051939410385e0	-4.364824975321835e-49
7.237506301478199e0	-4.566888067131422e-49
7.240960663546012e0	-4.777423787435815e-49
7.244415025613826e0	-4.9967460833534006e-49
7.247869387681639e0	-5.225178746491456e-49
7.251323749749453e0	-5.463055650469164e-49
7.2547781118172665e0	-5.7107209915473866e-49
7.25823247388508e0	-5.968529532309591e-49
7.261686835952894e0	-6.236846848333937e-49
7.265141198020707e0	-6.516049577792149e-49
7.268595560088521e0	-6.806525673905787e-49
7.272049922156334e0	-7.108674660186365e-49
7.275504284224148e0	-7.42290788838069e-49
7.2789586462919615e0	-7.749648799038083e-49
7.282413008359775e0	-8.08933318461108e-49
7.285867370427589e0	-8.442409454996383e-49
7.289321732495402e0	-8.809338905417638e-49
7.292776094563216e0	-9.19059598654643e-49
7.296230456631029e0	-9.586668576753113e-49
7.299684818698843e0	-9.998058256372675e-49
7.303139180766657e0	-1.0425280583866907e-48
7.30659354283447e0	-1.0868865373757751e-48
7.310047904902284e0	-1.1329356976201895e-48
7.313502266970097e0	-1.180731455807012e-48
7.316956629037911e0	-1.2303312385390639e-48
7.3204109911057245e0	-1.2817940107009222e-48
7.323865353173538e0	-1.3351803039313479e-48
7.327319715241352e0	-1.3905522451862974e-48
7.330774077309165e0	-1.4479735853761052e-48
7.334228439376979e0	-1.5075097280598268e-48
7.337682801444792e0	-1.5692277581792726e-48
7.341137163512606e0	-1.633196470814475e-48
7.3445915255804195e0	-1.6994863999419734e-48
7.348045887648233e0	-1.7681698471765178e-48
7.351500249716047e0	-1.8393209104763917e-48
7.35495461178386e0	-1.9130155127918542e-48
7.358408973851674e0	-1.9893314306356547e-48
7.361863335919487e0	-2.068348322553975e-48
7.365317697987301e0	-2.1501477574756647e-48
7.3687720600551145e0	-2.234813242916936e-48
7.372226422122928e0	-2.3224302530182005e-48
7.375680784190742e0	-2.4130862563890734e-48
7.379135146258555e0	-2.5068707437371782e-48
7.382589508326369e0	-2.603875255255622e-48
7.386043870394182e0	-2.7041934077435932e-48
7.389498232461996e0	-2.8079209214339993e-48
7.39295259452981e0	-2.9151556465013596e-48
7.396406956597623e0	-3.025997589222886e-48
7.399861318665437e0	-3.140548937764933e-48
7.40331568073325e0	-3.25891408756663e-48
7.406770042801064e0	-3.3811996662919665e-48
7.4102244048688775e0	-3.507514558321075e-48
7.413678766936691e0	-3.637969928751007e-48
7.417133129004505e0	-3.772679246875875e-48
7.420587491072318e0	-3.911758309115697e-48
7.424041853140132e0	-4.055325261362849e-48
7.427496215207945e0	-4.203500620714644e-48
7.430950577275759e0	-4.356407296560116e-48
7.4344049393435725e0	-4.514170610988768e-48
7.437859301411386e0	-4.6769183184884006e-48
7.4413136634792e0	-4.844780624899156e-48
7.444768025547013e0	-5.0178902055903947e-48
7.448222387614827e0	-5.196382222826478e-48
7.45167674968264e0	-5.3803943422875625e-48
7.455131111750454e0	-5.570066748711116e-48
7.4585854738182675e0	-5.765542160619384e-48
7.462039835886081e0	-5.966965844098143e-48
7.465494197953895e0	-6.174485625591651e-48
7.468948560021708e0	-6.388251903678387e-48
7.472402922089522e0	-6.608417659792434e-48
7.475857284157335e0	-6.835138467854584e-48
7.479311646225149e0	-7.068572502777523e-48
7.482766008292963e0	-7.308880547809511e-48
7.486220370360776e0	-7.556226000680457e-48
7.48967473242859e0	-7.810774878514283e-48
7.493129094496403e0	-8.072695821471971e-48
7.496583456564217e0	-8.34216009508901e-48
7.5000378186320305e0	-8.619341591271497e-48
7.503492180699844e0	-8.904416827914882e-48
7.506946542767658e0	-9.197564947109782e-48
7.510400904835471e0	-9.498967711899004e-48
7.513855266903285e0	-9.808809501550261e-48
7.517309628971098e0	-1.012727730530942e-47
7.520763991038912e0	-1.0454560714599247e-47
7.5242183531067255e0	-1.0790851913628391e-47
7.527672715174539e0	-1.1136345668376479e-47
7.531127077242353e0	-1.149123931392092e-47
7.534581439310166e0	-1.185573274007135e-47
7.53803580137798e0	-1.2230028375278366e-47
7.541490163445793e0	-1.2614331168783502e-47
7.544944525513607e0	-1.300884857097756e-47
7.5483988875814205e0	-1.3413790511935163e-47
7.551853249649234e0	-1.3829369378094222e-47
7.555307611717048e0	-1.425579998704872e-47
7.558761973784861e0	-1.4693299560424546e-47
7.562216335852675e0	-1.5142087694808253e-47
7.565670697920488e0	-1.560238633069995e-47
7.569125059988302e0	-1.6074419719461752e-47
7.572579422056116e0	-1.655841438823325e-47
7.576033784123929e0	-1.7054599102788074e-47
7.579488146191743e0	-1.7563204828304098e-47
7.582942508259556e0	-1.808446468802321e-47
7.58639687032737e0	-1.8618613919775106e-47
7.5898512323951834e0	-1.9165889830342019e-47
7.593305594462997e0	-1.9726531747641004e-47
7.596759956530811e0	-2.0300780970703598e-47
7.600214318598624e0	-2.0888880717430631e-47
7.603668680666438e0	-2.149107607010338e-47
7.607123042734251e0	-2.210761391863222e-47
7.610577404802065e0	-2.2738742901525897e-47
7.6140317668698785e0	-2.3384713344564017e-47
7.615758947903785e0	-2.3713342786193282e-47
7.619213309971599e0	-2.4382048314009473e-47
7.625258443590273e0	-2.558967163673769e-47
7.6321671677259e0	-2.702960400132899e-47
7.639075891861527e0	-2.8535297809121375e-47
7.645984615997154e0	-3.0108841340686943e-47
7.652893340132781e0	-3.1752339000494743e-47
7.659802064268408e0	-3.3467908542645283e-47
7.6667107884040355e0	-3.525767814378493e-47
7.673619512539663e0	-3.7123783323561045e-47
7.68052823667529e0	-3.9068363713388764e-47
7.687436960810917e0	-4.1093559674724555e-47
7.694345684946544e0	-4.320150876847562e-47
7.701254409082171e0	-4.539434207761342e-47
7.7081631332177984e0	-4.767418038551412e-47
7.715071857353426e0	-5.004313021300516e-47
7.721980581489053e0	-5.250327971756556e-47
7.72888930562468e0	-5.505669445859262e-47
7.735798029760307e0	-5.770541303312366e-47
7.742706753895934e0	-6.045144258687961e-47
7.749615478031561e0	-6.329675420596565e-47
7.7565242021671885e0	-6.624327819504812e-47
7.763432926302816e0	-6.9292899248294055e-47
7.770341650438443e0	-7.244745151983274e-47
7.77725037457407e0	-7.570871360096221e-47
7.784159098709697e0	-7.907840341177929e-47
7.791067822845324e0	-8.255817301536374e-47
7.797976546980951e0	-8.614960336308223e-47
7.804885271116579e0	-8.985419898001146e-47
7.811793995252206e0	-9.36733825998899e-47
7.818702719387833e0	-9.760848975941061e-47
7.82561144352346e0	-1.0166076336204659e-46
7.832520167659087e0	-1.0583134822197538e-46
7.839428891794714e0	-1.101212855990105e-46
7.8463376159303415e0	-1.145315077357756e-46
7.853246340065969e0	-1.190628324086653e-46
7.860155064201596e0	-1.2371595750441432e-46
7.867063788337223e0	-1.2849145563435751e-46
7.87397251247285e0	-1.3338976879869596e-46
7.880881236608477e0	-1.3841120311328922e-46
7.887789960744104e0	-1.4355592361166401e-46
7.894698684879732e0	-1.4882394913508906e-46
7.901607409015359e0	-1.5421514732367415e-46
7.908516133150986e0	-1.5972922972154753e-46
7.915424857286613e0	-1.6536574700921075e-46
7.92233358142224e0	-1.711240843762068e-46
7.929242305557867e0	-1.7700345704720945e-46
7.9361510296934945e0	-1.830029059746232e-46
7.946514115896935e0	-1.9222468442561587e-46
7.9603315641681895e0	-2.0492850049402053e-46
7.974149012439444e0	-2.1808611377455536e-46
7.987966460710698e0	-2.3168084237727415e-46
8.001783908981952e0	-2.4569280685376704e-46
8.015601357253207e0	-2.600988585873208e-46
8.029418805524461e0	-2.7487252688701556e-46
8.043236253795715e0	-2.899839860486058e-46
8.05705370206697e0	-3.0540004351852755e-46
8.070871150338224e0	-3.2108415015597714e-46
8.095051684812919e0	-3.4905455662847915e-46
8.129595305491055e0	-3.897443461571473e-46
8.171047650304818e0	-4.386777991374693e-46
8.198682546847326e0	-4.706398915453981e-46
8.226317443389835e0	-5.0148356637080504e-46
8.243589253728903e0	-5.199557058820447e-46
8.257406702000157e0	-5.341782514537807e-46
8.271224150271411e0	-5.478320819723326e-46
8.285041598542666e0	-5.608474666001312e-46
8.29885904681392e0	-5.731547796878093e-46
8.312676495085174e0	-5.846848654704012e-46
8.326493943356429e0	-5.953694100206016e-46
8.340311391627683e0	-6.05141318105505e-46
8.354128839898937e0	-6.139350925227577e-46
8.367946288170192e0	-6.2168721344107e-46
8.381763736441446e0	-6.2833651523911355e-46
8.3955811847127e0	-6.338245583262341e-46
8.409398632983955e0	-6.380959934383471e-46
8.423216081255209e0	-6.410989159323926e-46
8.437033529526463e0	-6.427852076529188e-46
8.450850977797717e0	-6.431108640137468e-46
8.464668426068972e0	-6.42036304025967e-46
8.478485874340226e0	-6.395266611096863e-46
8.49230332261148e0	-6.355520526498003e-46
8.506120770882735e0	-6.300878263947575e-46
8.519938219153989e0	-6.231147819502536e-46
8.533755667425243e0	-6.1461936578577384e-46
8.547573115696498e0	-6.045938383493494e-46
8.561390563967752e0	-5.930364120730843e-46
8.575208012239006e0	-5.799513592474671e-46
8.58902546051026e0	-5.6534908894454176e-46
8.602842908781515e0	-5.4924619237665485e-46
8.61666035705277e0	-5.316654562872569e-46
8.630477805324023e0	-5.1263584418134235e-46
8.644295253595278e0	-4.9219244541372635e-46
8.658112701866532e0	-4.703763923619669e-46
8.671930150137786e0	-4.4723474611565846e-46
8.68574759840904e0	-4.228203513133843e-46
8.699565046680295e0	-3.9719166095170225e-46
8.71338249495155e0	-3.704125321753005e-46
8.727199943222804e0	-3.4255199423306316e-46
8.741017391494058e0	-3.1368398994974847e-46
8.754834839765312e0	-2.8388709221641544e-46
8.768652288036566e0	-2.532441971437474e-46
8.78246973630782e0	-2.218421956500026e-46
8.796287184579075e0	-1.8977162536904794e-46
8.81010463285033e0	-1.571263048631774e-46
8.823922081121584e0	-1.2400295220966176e-46
8.837739529392838e0	-9.050079009916562e-47
8.851556977664092e0	-5.672113963795981e-47
8.865374425935347e0	-2.2767005084336503e-47
8.879191874206601e0	1.1257348227104144e-47
8.893009322477855e0	4.524682051140051e-47
8.90682677074911e0	7.909590645398338e-47
8.920644219020364e0	1.126991241915237e-46
8.934461667291618e0	1.4595144215261419e-46
8.948279115562872e0	1.787487016056101e-46
8.962096563834127e0	2.1098803282094414e-46
8.975914012105381e0	2.425682628269189e-46
8.989731460376635e0	2.733903128204894e-46
9.00354890864789e0	3.033575833870259e-46
9.017366356919144e0	3.323763257845948e-46
9.031183805190398e0	3.603559976579397e-46
9.045001253461653e0	3.872096016640707e-46
9.058818701732907e0	4.128540056142741e-46
9.072636150004161e0	4.372102428654158e-46
9.086453598275416e0	4.602037918254391e-46
9.10027104654667e0	4.817648335734034e-46
9.114088494817924e0	5.0182848673172884e-46
9.127905943089178e0	5.20335018867016e-46
9.141723391360433e0	5.372300338348005e-46
9.155540839631687e0	5.524646346218453e-46
9.169358287902941e0	5.659955613765523e-46
9.183175736174196e0	5.777853044526409e-46
9.19699318444545e0	5.8780219242288765e-46
9.210810632716704e0	5.9602045514754184e-46
9.224628080987959e0	6.0242026210561366e-46
9.238445529259213e0	6.069877363156484e-46
9.252262977530467e0	6.097149442857247e-46
9.266080425801722e0	6.10599862539358e-46
9.279897874072976e0	6.096463213646369e-46
9.29371532234423e0	6.0686392652775045e-46
9.307532770615484e0	6.022679597788268e-46
9.321350218886739e0	5.958792590574996e-46
9.335167667157993e0	5.877240793775741e-46
9.348985115429247e0	5.778339354345491e-46
9.362802563700502e0	5.662454270363653e-46
9.376620011971756e0	5.530000485067818e-46
9.39043746024301e0	5.3814398325201746e-46
9.404254908514265e0	5.217278847149176e-46
9.418072356785519e0	5.038066449672278e-46
9.431889805056773e0	4.844391522092595e-46
9.445707253328028e0	4.636880384580337e-46
9.459524701599282e0	4.416194187098134e-46
9.473342149870536e0	4.18302622861091e-46
9.48715959814179e0	3.938099216639863e-46
9.500977046413045e0	3.682162479777551e-46
9.514794494684299e0	3.4159891455828287e-46
9.528611942955553e0	3.1403732960219133e-46
9.542429391226808e0	2.8561271123195628e-46
9.556246839498062e0	2.564078020736579e-46
9.570064287769316e0	2.265065850399734e-46
9.58388173604057e0	1.9599400138816846e-46
9.597699184311825e0	1.6495567207661585e-46
9.61151663258308e0	1.334776233940627e-46
9.625334080854334e0	1.0164601778395472e-46
9.639151529125588e0	6.9546890731982e-47
9.652968977396842e0	3.726589452894694e-47
9.666786425668096e0	4.8880496635380894e-48
9.68060387393935e0	-2.750249545907278e-47
9.694421322210605e0	-5.982269583634007e-47
9.70823877048186e0	-9.199083164859076e-47
9.722056218753114e0	-1.2392671998386695e-46
9.735873667024368e0	-1.555519160506692e-46
9.749691115295622e0	-1.8678990348130784e-46
9.763508563566877e0	-2.1756627338720414e-46
9.77732601183813e0	-2.4780889188516287e-46
9.791143460109385e0	-2.7744805587008386e-46
9.80496090838064e0	-3.0641663686458648e-46
9.818778356651894e0	-3.346502128294143e-46
9.832595804923148e0	-3.6208718787004114e-46
9.846413253194402e0	-3.886688998245243e-46
9.860230701465657e0	-4.143397157651271e-46
9.874048149736911e0	-4.390471154915735e-46
9.887865598008165e0	-4.6274176313663995e-46
9.90168304627942e0	-4.853775670454261e-46
9.915500494550674e0	-5.069117281276415e-46
9.929317942821928e0	-5.2730477691775795e-46
9.943135391093183e0	-5.465205996108339e-46
9.956952839364437e0	-5.6452645337216585e-46
9.970770287635691e0	-5.812929712466882e-46
9.984587735906945e0	-5.9679415701914026e-46
9.9984051841782e0	-6.110073703986737e-46
1.0012222632449454e1	-6.239133029215128e-46
1.0026040080720708e1	-6.354959449828999e-46
1.0039857528991963e1	-6.457425444245201e-46
1.0053674977263217e1	-6.546435571163841e-46
1.0067492425534471e1	-6.6219258998238955e-46
1.0081309873805726e1	-6.683863369268861e-46
1.009512732207698e1	-6.732245081255458e-46
1.0108944770348234e1	-6.7670975314759195e-46
1.0122762218619489e1	-6.788475783783365e-46
1.0136579666890743e1	-6.796462592108552e-46
1.0150397115161997e1	-6.7911674747380965e-46
1.0164214563433251e1	-6.77272574558851e-46
1.0178032011704506e1	-6.741297507059252e-46
1.019184945997576e1	-6.6970666089809954e-46
1.0205666908247014e1	-6.640239578095942e-46
1.0219484356518269e1	-6.571044522413355e-46
1.0233301804789523e1	-6.489730014679741e-46
1.0247119253060777e1	-6.396563959086978e-46
1.0260936701332032e1	-6.2918324452179006e-46
1.0274754149603286e1	-6.175838593094533e-46
1.028857159787454e1	-6.048901393053805e-46
1.0302389046145795e1	-5.9113545440281434e-46
1.0316206494417049e1	-5.7635452936544424e-46
1.0330023942688303e1	-5.605833283476936e-46
1.0343841390959557e1	-5.438589402349305e-46
1.0357658839230812e1	-5.262194650973897e-46
1.0371476287502066e1	-5.077039020350979e-46
1.038529373577332e1	-4.883520386741072e-46
1.0399111184044575e1	-4.682043425575361e-46
1.0412928632315829e1	-4.473018546578649e-46
1.0426746080587083e1	-4.2568608522016e-46
1.0440563528858338e1	-4.0339891212910546e-46
1.0454380977129592e1	-3.8048248197624e-46
1.0468198425400846e1	-3.569791139873745e-46
1.04820158736721e1	-3.3293120695415595e-46
1.0495833321943355e1	-3.0838114929806733e-46
1.050965077021461e1	-2.8337123237974626e-46
1.0523468218485863e1	-2.5794356715155822e-46
1.0537285666757118e1	-2.3214000423687632e-46
1.0551103115028372e1	-2.060020575054448e-46
1.0564920563299626e1	-1.795708312006424e-46
1.057873801157088e1	-1.5288695066142702e-46
1.0592555459842135e1	-1.2599049666920956e-46
1.060637290811339e1	-9.892094343793844e-47
1.0620190356384644e1	-7.171710025425476e-47
1.0634007804655898e1	-4.441705676373886e-47
1.0647825252927152e1	-1.7058131888981722e-47
1.0661642701198407e1	1.0323173644475447e-47
1.067546014946966e1	3.7691221207409934e-47
1.0689277597740915e1	6.501127463301339e-47
1.070309504601217e1	9.224953709940004e-47
1.0716912494283424e1	1.1937318458550313e-46
1.0730729942554678e1	1.4635039596417735e-46
1.0744547390825932e1	1.7315037980258881e-46
1.0758364839097187e1	1.9974339794572198e-46
1.0772182287368441e1	2.2610078596402273e-46
1.0785999735639695e1	2.521949705508882e-46
1.079981718391095e1	2.779994839598605e-46
1.0813634632182204e1	3.0348897557511024e-46
1.0827452080453458e1	3.2863922071195932e-46
1.0841269528724713e1	3.534271267469617e-46
1.0855086976995967e1	3.778307366793751e-46
1.0868904425267221e1	4.018292302277008e-46
1.0882721873538475e1	4.254029225665049e-46
1.089653932180973e1	4.485332608097842e-46
1.0910356770080984e1	4.712028183478481e-46
1.0924174218352238e1	4.933952871451223e-46
1.0937991666623493e1	5.15095468106246e-46
1.0951809114894747e1	5.3628925961764844e-46
1.0965626563166001e1	5.569636443711142e-46
1.0979444011437256e1	5.771066745751311e-46
1.099326145970851e1	5.967074556586494e-46
1.1007078907979764e1	6.157561285705771e-46
1.1020896356251018e1	6.34243850776761e-46
1.1034713804522273e1	6.5216277605450936e-46
1.1048531252793527e1	6.695060331827058e-46
1.1062348701064781e1	6.862677036235102e-46
1.1076166149336036e1	7.02442798289374e-46
1.108998359760729e1	7.180272334867138e-46
1.1103801045878544e1	7.330178061250517e-46
1.1117618494149799e1	7.474121682778124e-46
1.1131435942421053e1	7.612088011783143e-46
1.1145253390692307e1	7.744069887316285e-46
1.1159070838963562e1	7.870067906201629e-46
1.1172888287234816e1	7.990090150779388e-46
1.118670573550607e1	8.10415191405499e-46
1.1200523183777324e1	8.21227542294491e-46
1.1214340632048579e1	8.314489560279855e-46
1.1228158080319833e1	8.410829586194264e-46
1.1241975528591087e1	8.501336859502764e-46
1.1255792976862342e1	8.586058559633609e-46
1.1269610425133596e1	8.665047409658422e-46
1.128342787340485e1	8.738361400928759e-46
1.1300699683743918e1	8.822120029328923e-46
1.1328334580286427e1	8.93823279077681e-46
1.1355969476828935e1	9.03284573403754e-46
1.1383604373371444e1	9.106622663238478e-46
1.1411239269913953e1	9.160281183737473e-46
1.1438874166456461e1	9.194584902766e-46
1.1476887311049557e1	9.194584902766e-46
1.1482155195045072e1	9.194726700965335e-46
1.1487423079040587e1	9.194243260604161e-46
1.1492690963036102e1	9.193140515974761e-46
1.1497958847031617e1	9.191424428027362e-46
1.1503226731027132e1	9.189100982813988e-46
1.1508494615022647e1	9.186176189951737e-46
1.1513762499018162e1	9.182656081105351e-46
1.1519030383013677e1	9.17854670848926e-46
1.1524298267009192e1	9.173854143389072e-46
1.1529566151004706e1	9.168584474702617e-46
1.1534834035000221e1	9.162743807500638e-46
1.1540101918995736e1	9.156338261606984e-46
1.1545369802991251e1	9.14937397019856e-46
1.1550637686986766e1	9.141857078424886e-46
1.1555905570982281e1	9.133793742047353e-46
1.1561173454977796e1	9.125190126098189e-46
1.1566441338973311e1	9.116052403559148e-46
1.1571709222968826e1	9.106386754059844e-46
1.157697710696434e1	9.09619936259576e-46
1.158751287495537e1	9.074284113030836e-46
1.15980486429464e1	9.050356194676102e-46
1.160858441093743e1	9.024465154448776e-46
1.161912017892846e1	8.996660508805399e-46
1.162965594691949e1	8.96699170741694e-46
1.164019171491052e1	8.935508098082998e-46
1.165072748290155e1	8.90225889287713e-46
1.166126325089258e1	8.867293135514088e-46
1.167179901888361e1	8.830659669928507e-46
1.168233478687464e1	8.792407110053897e-46
1.1692870554865669e1	8.752583810789528e-46
1.1703406322856699e1	8.711237840142013e-46
1.1713942090847729e1	8.668416952527606e-46
1.1724477858838759e1	8.624168563220364e-46
1.1735013626829788e1	8.578539723930546e-46
1.1745549394820818e1	8.531577099497006e-46
1.1756085162811848e1	8.483326945676764e-46
1.1766620930802878e1	8.433835088014103e-46
1.1777156698793908e1	8.383146901771296e-46
1.1787692466784938e1	8.33130729290234e-46
1.1798228234775967e1	8.278360680050805e-46
1.1808764002766997e1	8.224350977552334e-46
1.1819299770758027e1	8.169321579422103e-46
1.1829835538749057e1	8.113315344307084e-46
1.1840371306740087e1	8.056374581382867e-46
1.1850907074731117e1	7.998541037174336e-46
1.1861442842722147e1	7.939855883279455e-46
1.1871978610713176e1	7.880359704975076e-46
1.1882514378704206e1	7.820092490683727e-46
1.1893050146695236e1	7.759093622280074e-46
1.1903585914686266e1	7.697401866215788e-46
1.1914121682677296e1	7.635055365441342e-46
1.1924657450668326e1	7.572091632103456e-46
1.1935193218659355e1	7.508547540996723e-46
1.1945728986650385e1	7.44445932374811e-46
1.1956264754641415e1	7.379862563712982e-46
1.1966800522632445e1	7.314792191561472e-46
1.1977336290623475e1	7.249282481534063e-46
1.1987872058614505e1	7.183367048345384e-46
1.2008943594596566e1	7.050450159507146e-46
1.2030015130578628e1	6.916297173570522e-46
1.2051086666560689e1	6.781153089792076e-46
1.207215820254275e1	6.64525226114656e-46
1.2093229738524812e1	6.508818429578765e-46
1.2114301274506873e1	6.372064791206345e-46
1.2156444346470995e1	6.098398731201652e-46
1.2177515882453056e1	5.961860933862712e-46
1.2198587418435118e1	5.825752876494524e-46
1.2219658954417179e1	5.6902368893564466e-46
1.224073049039924e1	5.555465648656601e-46
1.225126625839027e1	5.488404431751386e-46
1.22618020263813e1	5.421582388936302e-46
1.227233779437233e1	5.35501598627082e-46
1.228287356236336e1	5.2887211285347454e-46
1.229340933035439e1	5.222713166873277e-46
1.230394509834542e1	5.157006906582678e-46
1.231448086633645e1	5.091616615024682e-46
1.232501663432748e1	5.026556029658256e-46
1.2335552402318509e1	4.9618383661776716e-46
1.2346088170309539e1	4.897476326746047e-46
1.2356623938300569e1	4.833482108314027e-46
1.2367159706291599e1	4.769867411013463e-46
1.2377695474282628e1	4.706643446616435e-46
1.2388231242273658e1	4.6438209470501344e-46
1.2398767010264688e1	4.5814101729585284e-46
1.2409302778255718e1	4.519420922302064e-46
1.2419838546246748e1	4.4578625389869415e-46
1.2430374314237778e1	4.396743921515795e-46
1.2440910082228807e1	4.336073531651994e-46
1.2451445850219837e1	4.275859403089964e-46
1.2461981618210867e1	4.216109150124335e-46
1.2472517386201897e1	4.15682997631095e-46
1.2483053154192927e1	4.098028683113079e-46
1.2493588922183957e1	4.03971167852645e-46
1.2504124690174987e1	3.981884985676987e-46
1.2514660458166016e1	3.924554251385417e-46
1.2525196226157046e1	3.8677247546931985e-46
1.2535731994148076e1	3.8114014153444256e-46
1.2546267762139106e1	3.755588802218649e-46
1.2556803530130136e1	3.700291141709832e-46
1.2567339298121166e1	3.6455123260468266e-46
1.2577875066112195e1	3.59125592155106e-46
1.2588410834103225e1	3.537525176827326e-46
1.2598946602094255e1	3.4843230308837947e-46
1.2609482370085285e1	3.4316521211775693e-46
1.2620018138076315e1	3.3795147915823473e-46
1.262528602207183e1	3.353646873452676e-46
1.2630553906067345e1	3.327913100274953e-46
1.263582179006286e1	3.3023136859612253e-46
1.2641089674058374e1	3.276848827538044e-46
1.264635755805389e1	3.2515187053854915e-46
1.2651625442049404e1	3.2263234834747648e-46
1.265689332604492e1	3.2012633096043505e-46
1.2662161210040434e1	3.17633831563473e-46
1.2667429094035949e1	3.151548617721589e-46
1.2672696978031464e1	3.1268943165475678e-46
1.2677964862026979e1	3.102375497552477e-46
1.2683232746022494e1	3.0779922311619987e-46
1.2688500630018009e1	3.053744573014853e-46
1.2693768514013524e1	3.0296325641884013e-46
1.2699036398009039e1	3.0056562314226837e-46
1.2704304282004554e1	2.9818155873428862e-46
1.2709572166000068e1	2.958110630680199e-46
1.2714840049995583e1	2.934541346491089e-46
1.2720107933991098e1	2.9111077063749413e-46
1.2725375817986613e1	2.8878096686900817e-46
1.2730643701982128e1	2.8646471787681636e-46
1.2735911585977643e1	2.8416201691269113e-46
1.2741179469973158e1	2.8187285596812004e-46
1.2746447353968673e1	2.795972257952478e-46
1.2751715237964188e1	2.773351159276523e-46
1.2756983121959703e1	2.7508651470095124e-46
1.2762251005955218e1	2.728514092732414e-46
1.2767518889950733e1	2.7062978564536833e-46
1.2772786773946248e1	2.684216286810261e-46
1.2778054657941762e1	2.662269221266877e-46
1.2783322541937277e1	2.6404564863136316e-46
1.2788590425932792e1	2.6187778976618786e-46
1.2793858309928307e1	2.597233260438394e-46
1.2799126193923822e1	2.5758223693778122e-46
1.2804394077919337e1	2.554545009013347e-46
1.2809661961914852e1	2.5334009538657936e-46
1.2814929845910367e1	2.5123899686307857e-46
1.2820197729905882e1	2.491511808364344e-46
1.2825465613901397e1	2.47076621866669e-46
1.2830733497896912e1	2.4501529358643065e-46
1.2836001381892427e1	2.4296716871903e-46
1.2841269265887941e1	2.4093221909630062e-46
1.2846537149883456e1	2.389104156762869e-46
1.2851805033878971e1	2.369017285607591e-46
1.2857072917874486e1	2.3490612701255517e-46
1.2862340801870001e1	2.3292357947274926e-46
1.2867608685865516e1	2.3095405357764754e-46
1.2872876569861031e1	2.2899751617561165e-46
1.2878144453856546e1	2.270539333437096e-46
1.288341233785206e1	2.2512327040419387e-46
1.2888680221847576e1	2.232054919408083e-46
1.289394810584309e1	2.2130056181492353e-46
1.2899215989838606e1	2.194084431815002e-46
1.290448387383412e1	2.1752909850488246e-46
1.2909751757829635e1	2.1566248957442005e-46
1.291501964182515e1	2.1380857751992026e-46
1.2920287525820665e1	2.119673228269306e-46
1.292555540981618e1	2.101386853518529e-46
1.2930823293811695e1	2.0832262433688764e-46
1.293609117780721e1	2.0651909842481075e-46
1.2941359061802725e1	2.0472806567358217e-46
1.294662694579824e1	2.0294948357078857e-46
1.2951894829793755e1	2.0118330904791866e-46
1.295716271378927e1	1.9942949849447304e-46
1.2962430597784785e1	1.976880077719086e-46
1.29676984817803e1	1.959587922274187e-46
1.2972966365775815e1	1.9424180670754913e-46
1.297823424977133e1	1.9253700557165148e-46
1.2983502133766844e1	1.9084434270517397e-46
1.298877001776236e1	1.8916377153278975e-46
1.2994037901757874e1	1.8749524503136537e-46
1.299930578575339e1	1.8583871574276837e-46
1.3004573669748904e1	1.8419413578651567e-46
1.3009841553744419e1	1.8256145687226386e-46
1.3015109437739934e1	1.809406303121406e-46
1.3020377321735449e1	1.7933160703292008e-46
1.3025645205730964e1	1.777343375880419e-46
1.3030913089726479e1	1.761487721694749e-46
1.3036180973721994e1	1.7457486061942675e-46
1.3041448857717509e1	1.7301255244189987e-46
1.3046716741713023e1	1.7146179681409463e-46
1.3051984625708538e1	1.6992254259766145e-46
1.3057252509704053e1	1.6839473834980179e-46
1.3062520393699568e1	1.668783323342193e-46
1.3067788277695083e1	1.6537327253192228e-46
1.3073056161690598e1	1.638795066518785e-46
1.3078324045686113e1	1.6239698214152252e-46
1.3083591929681628e1	1.6092564619711717e-46
1.3088859813677143e1	1.594654457739711e-46
1.3094127697672658e1	1.5801632759651077e-46
1.3099395581668173e1	1.5657823816821079e-46
1.3104663465663688e1	1.5515112378138159e-46
1.3109931349659202e1	1.53734930526817e-46
1.3115199233654717e1	1.5232960430330028e-46
1.3120467117650232e1	1.5093509082697332e-46
1.3125735001645747e1	1.4955133564056651e-46
1.3131002885641262e1	1.4817828412249268e-46
1.3136270769636777e1	1.4681588149580441e-46
1.3141538653632292e1	1.4546407283701778e-46
1.3146806537627807e1	1.4412280308480193e-46
1.3152074421623322e1	1.4279201704853577e-46
1.3157342305618837e1	1.4147165941673385e-46
1.3162610189614352e1	1.4016167476534134e-46
1.3167878073609867e1	1.3886200756589962e-46
1.3173145957605382e1	1.3757260219358436e-46
1.3178413841600896e1	1.3629340293511511e-46
1.3183681725596411e1	1.3502435399654015e-46
1.3188949609591926e1	1.3376539951089548e-46
1.3194217493587441e1	1.3251648354574013e-46
1.3199485377582956e1	1.312775501105689e-46
1.3204753261578471e1	1.3004854316410297e-46
1.3210021145573986e1	1.2882940662145966e-46
1.3215289029569501e1	1.2762008436120378e-46
1.3220556913565016e1	1.2642052023227902e-46
1.322582479756053e1	1.25230658060823e-46
1.3231092681556046e1	1.2405044165686584e-46
1.323636056555156e1	1.2287981482091346e-46
1.3241628449547076e1	1.2171872135041667e-46
1.324689633354259e1	1.2056710504612747e-46
1.3252164217538105e1	1.1942490971834361e-46
1.325743210153362e1	1.1829207919304235e-46
1.3262699985529135e1	1.1716855731790396e-46
1.326796786952465e1	1.1605428796822746e-46
1.3273235753520165e1	1.1494921505273791e-46
1.327850363751568e1	1.1385328251928827e-46
1.3283771521511195e1	1.1276643436045503e-46
1.328903940550671e1	1.1168861461902995e-46
1.3294307289502225e1	1.106197673934089e-46
1.329957517349774e1	1.0955983684287798e-46
1.3304843057493255e1	1.0850876719279946e-46
1.331011094148877e1	1.0746650273969665e-46
1.3315378825484284e1	1.0643298785624098e-46
1.33206467094798e1	1.0540816699614029e-46
1.3325914593475314e1	1.0439198469893112e-46
1.333118247747083e1	1.0338438559467527e-46
1.3336450361466344e1	1.0238531440856095e-46
1.3341718245461859e1	1.0139471596541108e-46
1.3346986129457374e1	1.0041253519409876e-46
1.3352254013452889e1	9.943871713187146e-47
1.3357521897448404e1	9.847320692858445e-47
1.3362789781443919e1	9.751594985084484e-47
1.3368057665439434e1	9.656689128606754e-47
1.3373325549434949e1	9.562597674644355e-47
1.3378593433430463e1	9.469315187282202e-47
1.3383861317425978e1	9.37683624385071e-47
1.3389129201421493e1	9.285155435297001e-47
1.3394397085417008e1	9.194267366547842e-47
1.3399664969412523e1	9.104166656864298e-47
1.3404932853408038e1	9.014847940188297e-47
1.3410200737403553e1	8.926305865481143e-47
1.3415468621399068e1	8.838535097054107e-47
1.3420736505394583e1	8.751530314891135e-47
1.3426004389390098e1	8.665286214963897e-47
1.3431272273385613e1	8.57979750953914e-47
1.3436540157381128e1	8.495058927478497e-47
1.3441808041376643e1	8.411065214530882e-47
1.3447075925372157e1	8.327811133617506e-47
1.3452343809367672e1	8.245291465109618e-47
1.3457611693363187e1	8.163501007099126e-47
1.3462879577358702e1	8.082434575662089e-47
1.3468147461354217e1	8.0020870051153e-47
1.3473415345349732e1	7.922453148265928e-47
1.3478683229345247e1	7.843527876654376e-47
1.3483951113340762e1	7.765306080790435e-47
1.3489218997336277e1	7.687782670382829e-47
1.3494486881331792e1	7.610952574562251e-47
1.3499754765327307e1	7.534810742097923e-47
1.3505022649322822e1	7.45935214160785e-47
1.3510290533318337e1	7.384571761762785e-47
1.3515558417313851e1	7.310464611484036e-47
1.3520826301309366e1	7.237025720135168e-47
1.3526094185304881e1	7.164250137707743e-47
1.3531362069300396e1	7.0921329350011e-47
1.3536629953295911e1	7.020669203796345e-47
1.3541897837291426e1	6.949854057024538e-47
1.3547165721286941e1	6.879682628929277e-47
1.3552433605282456e1	6.810150075223655e-47
1.355770148927797e1	6.741251573241747e-47
1.3562969373273486e1	6.67298232208465e-47
1.3568237257269e1	6.605337542761203e-47
1.3573505141264516e1	6.538312478323416e-47
1.357877302526003e1	6.471902393996771e-47
1.3584040909255545e1	6.406102577305396e-47
1.358930879325106e1	6.340908338192165e-47
1.3594576677246575e1	6.276315009133929e-47
1.359984456124209e1	6.212317945251824e-47
1.3605112445237605e1	6.148912524416806e-47
1.361038032923312e1	6.0860941473504245e-47
1.3615648213228635e1	6.023858237721018e-47
1.362091609722415e1	5.962200242235259e-47
1.3626183981219665e1	5.901115630725248e-47
1.363145186521518e1	5.840599896231156e-47
1.3636719749210695e1	5.780648555079517e-47
1.364198763320621e1	5.721257146957224e-47
1.3647255517201724e1	5.662421234981311e-47
1.365252340119724e1	5.604136405764593e-47
1.3657791285192754e1	5.546398269477224e-47
1.366305916918827e1	5.489202459904215e-47
1.3668327053183784e1	5.43254463449906e-47
1.3673594937179299e1	5.376420474433434e-47
1.3678862821174814e1	5.320825684643111e-47
1.3684130705170329e1	5.265755993870112e-47
1.3689398589165844e1	5.211207154701193e-47
1.3694666473161359e1	5.157174943602681e-47
1.3699934357156874e1	5.103655160951793e-47
1.3705202241152389e1	5.050643631064443e-47
1.3710470125147904e1	4.998136202219611e-47
1.3715738009143418e1	4.946128746680348e-47
1.3721005893138933e1	4.894617160711471e-47
1.3726273777134448e1	4.843597364594015e-47
1.3731541661129963e1	4.793065302636485e-47
1.3736809545125478e1	4.743016943182981e-47
1.3742077429120993e1	4.69344827861825e-47
1.3747345313116508e1	4.644355325369707e-47
1.3752613197112023e1	4.595734123906525e-47
1.3757881081107538e1	4.5475807387357885e-47
1.3763148965103053e1	4.499891258395817e-47
1.3768416849098568e1	4.452661795446687e-47
1.3773684733094083e1	4.405888486458025e-47
1.3778952617089598e1	4.359567491994092e-47
1.3784220501085112e1	4.31369499659626e-47
1.3789488385080627e1	4.26826720876288e-47
1.3794756269076142e1	4.2232803609266475e-47
1.3800024153071657e1	4.1787307094294585e-47
1.3805292037067172e1	4.1346145344948735e-47
1.3810559921062687e1	4.090928140198159e-47
1.3815827805058202e1	4.047667854434035e-47
1.3821095689053717e1	4.004830028882127e-47
1.3826363573049232e1	3.962411038970174e-47
1.3831631457044747e1	3.9204072838350694e-47
1.3836899341040262e1	3.878815186281747e-47
1.3842167225035777e1	3.837631192739982e-47
1.3847435109031291e1	3.7968517732191427e-47
1.3852702993026806e1	3.7564734212609345e-47
1.3857970877022321e1	3.7164926538901987e-47
1.3863238761017836e1	3.6769060115637694e-47
1.3868506645013351e1	3.6377100581174813e-47
1.3873774529008866e1	3.5989013807113607e-47
1.3879042413004381e1	3.560476589772984e-47
1.3884310296999896e1	3.522432318939137e-47
1.388957818099541e1	3.4847652249957594e-47
1.3894846064990926e1	3.4474719878162e-47
1.390011394898644e1	3.410549310297876e-47
1.3905381832981956e1	3.373993918297342e-47
1.391064971697747e1	3.3378025605637977e-47
1.3915917600972985e1	3.301972008671125e-47
1.39211854849685e1	3.266499056948404e-47
1.3926453368964015e1	3.231380522409052e-47
1.393172125295953e1	3.196613244678523e-47
1.3936989136955045e1	3.162194085920668e-47
1.394225702095056e1	3.128119930762781e-47
1.3947524904946075e1	3.0943876862193387e-47
1.395279278894159e1	3.0609942816144846e-47
1.3958060672937105e1	3.027936668503324e-47
1.396332855693262e1	2.995211820591996e-47
1.3968596440928135e1	2.962816733656623e-47
1.397386432492365e1	2.9307484254611223e-47
1.3979132208919165e1	2.89900393567394e-47
1.398440009291468e1	2.867580325783736e-47
1.3989667976910194e1	2.836474679014023e-47
1.399493586090571e1	2.805684100236833e-47
1.4000203744901224e1	2.7752057158854125e-47
1.400547162889674e1	2.7450366738659975e-47
1.4010739512892254e1	2.7151741434686674e-47
1.4016007396887769e1	2.685615315277335e-47
1.4021275280883284e1	2.6563574010788864e-47
1.4026543164878799e1	2.627397633771518e-47
1.4031811048874314e1	2.5987332672722656e-47
1.4037078932869829e1	2.5703615764237777e-47
1.4042346816865344e1	2.5422798569003637e-47
1.4047614700860859e1	2.5144854251133206e-47
1.4052882584856373e1	2.4869756181155806e-47
1.4058150468851888e1	2.4597477935057074e-47
1.4063418352847403e1	2.4327993293312515e-47
1.4068686236842918e1	2.406127623991508e-47
1.4073954120838433e1	2.379730096139685e-47
1.4079222004833948e1	2.353604184584513e-47
1.4084489888829463e1	2.3277473481913304e-47
1.4089757772824978e1	2.302157065782639e-47
1.4095025656820493e1	2.2768308360381873e-47
1.4100293540816008e1	2.2517661773945806e-47
1.4105561424811523e1	2.2269606279444393e-47
1.4110829308807038e1	2.2024117453351505e-47
1.4116097192802552e1	2.178117106667207e-47
1.4121365076798067e1	2.1540743083921686e-47
1.4126632960793582e1	2.1302809662102655e-47
1.4131900844789097e1	2.1067347149676567e-47
1.4137168728784612e1	2.083433208553375e-47
1.4142436612780127e1	2.060374119795969e-47
1.4147704496775642e1	2.0375551403598648e-47
1.4152972380771157e1	2.0149739806414644e-47
1.4158240264766672e1	1.9926283696650051e-47
1.4163508148762187e1	1.9705160549781847e-47
1.4168776032757702e1	1.9486348025475884e-47
1.4174043916753217e1	1.9269823966539236e-47
1.4179311800748732e1	1.9055566397870742e-47
1.4184579684744246e1	1.8843553525410106e-47
1.4189847568739761e1	1.863376373508555e-47
1.4195115452735276e1	1.842617559176021e-47
1.4200383336730791e1	1.8220767838177444e-47
1.4205651220726306e1	1.8017519393905377e-47
1.4210919104721821e1	1.7816409354280497e-47
1.4216186988717336e1	1.761741698935076e-47
1.4221454872712851e1	1.7420521742818179e-47
1.4226722756708366e1	1.722570323098108e-47
1.423199064070388e1	1.7032941241676265e-47
1.4237258524699396e1	1.684221573322099e-47
1.424252640869491e1	1.6653506833355263e-47
1.4247794292690426e1	1.6466794838184136e-47
1.425306217668594e1	1.6282060211120507e-47
1.4258330060681455e1	1.6099283581828401e-47
1.426359794467697e1	1.591844574516683e-47
1.4268865828672485e1	1.5739527660134355e-47
1.4274133712668e1	1.5562510448814605e-47
1.4279401596663515e1	1.5387375395322738e-47
1.428466948065903e1	1.521410394475294e-47
1.4289937364654545e1	1.5042677702127196e-47
1.429520524865006e1	1.4873078431345367e-47
1.4300473132645575e1	1.470528805413665e-47
1.430574101664109e1	1.4539288649012594e-47
1.4311008900636605e1	1.4375062450221772e-47
1.431627678463212e1	1.4212591846706127e-47
1.4321544668627634e1	1.405185938105922e-47
1.432681255262315e1	1.3892847748486364e-47
1.4332080436618664e1	1.373553979576672e-47
1.433734832061418e1	1.3579918520217667e-47
1.4342616204609694e1	1.3425967068661235e-47
1.4347884088605209e1	1.327366873639286e-47
1.4353151972600724e1	1.312300696615257e-47
1.4358419856596239e1	1.2973965347098575e-47
1.4363687740591754e1	1.2826527613783393e-47
1.4368955624587269e1	1.2680677645132653e-47
1.4374223508582784e1	1.2536399463426524e-47
1.4379491392578299e1	1.2393677233283996e-47
1.4384759276573813e1	1.2252495260649924e-47
1.4390027160569328e1	1.2112837991785061e-47
1.4395295044564843e1	1.1974690012259063e-47
1.4400562928560358e1	1.1838036045946527e-47
1.4405830812555873e1	1.1702860954026148e-47
1.4411098696551388e1	1.1569149733983106e-47
1.4416366580546903e1	1.1436887518614646e-47
1.4421634464542418e1	1.1306059575038997e-47
1.4426902348537933e1	1.1176651303707698e-47
1.4432170232533448e1	1.1048648237421247e-47
1.4437438116528963e1	1.0922036040348353e-47
1.4442706000524478e1	1.0796800507048643e-47
1.4447973884519993e1	1.067292756149897e-47
1.4453241768515507e1	1.0550403256123397e-47
1.4458509652511022e1	1.0429213770826821e-47
1.4463777536506537e1	1.0309345412032363e-47
1.4469045420502052e1	1.0190784611722543e-47
1.4474313304497567e1	1.007351792648425e-47
1.4479581188493082e1	9.95753203655762e-48
1.4484849072488597e1	9.842813744888815e-48
1.4490116956484112e1	9.729349976186764e-48
1.4495384840479627e1	9.617127775983871e-48
1.4500652724475142e1	9.506134309700748e-48
1.4505920608470657e1	9.396356861715064e-48
1.4511188492466172e1	9.287782834434443e-48
1.4516456376461687e1	9.180399747373513e-48
1.4521724260457201e1	9.07419523623516e-48
1.4526992144452716e1	8.969157051995901e-48
1.4532260028448231e1	8.865273059995561e-48
1.4537527912443746e1	8.762531239031189e-48
1.4542795796439261e1	8.660919680455199e-48
1.4548063680434776e1	8.560426587277908e-48
1.4553331564430291e1	8.461040273274369e-48
1.4558599448425806e1	8.362749162095536e-48
1.456386733242132e1	8.26554178638388e-48
1.4569135216416836e1	8.169406786893338e-48
1.457440310041235e1	8.074332911613744e-48
1.4579670984407866e1	7.980309014899673e-48
1.458493886840338e1	7.88732405660373e-48
1.4590206752398895e1	7.795367101214388e-48
1.459547463639441e1	7.704427316998258e-48
1.4600742520389925e1	7.614493975146907e-48
1.460601040438544e1	7.525556448928168e-48
1.4611278288380955e1	7.437604212842031e-48
1.461654617237647e1	7.350626841781066e-48
1.4621814056371985e1	7.264614010195427e-48
1.46270819403675e1	7.179555491262395e-48
1.4632349824363015e1	7.095441156060559e-48
1.463761770835853e1	7.01226097274855e-48
1.4642885592354045e1	6.930005005748418e-48
1.464815347634956e1	6.848663414933555e-48
1.4653421360345074e1	6.768226454821308e-48
1.465868924434059e1	6.688684473770176e-48
1.4663957128336104e1	6.61002791318166e-48
1.466922501233162e1	6.532247306706697e-48
1.4674492896327134e1	6.455333279456776e-48
1.4679760780322649e1	6.379276547219678e-48
1.4685028664318164e1	6.304067915679851e-48
1.4690296548313679e1	6.229698279643421e-48
1.4695564432309194e1	6.156158622267873e-48
1.4700832316304709e1	6.083440014296334e-48
1.4706100200300224e1	6.011533613296525e-48
1.4711368084295739e1	5.940430662904347e-48
1.4716635968291254e1	5.870122492072095e-48
1.4721903852286768e1	5.800600514321302e-48
1.4727171736282283e1	5.731856227000234e-48
1.4732439620277798e1	5.663881210546007e-48
1.4737707504273313e1	5.596667127751306e-48
1.4742975388268828e1	5.530205723035724e-48
1.4748243272264343e1	5.464488821721742e-48
1.4753511156259858e1	5.3995083293152893e-48
1.4758779040255373e1	5.335256230790879e-48
1.4764046924250888e1	5.2717245898813753e-48
1.4769314808246403e1	5.2089055483723325e-48
1.4774582692241918e1	5.1467913254008834e-48
1.4779850576237433e1	5.085374216759211e-48
1.4785118460232948e1	5.024646594202563e-48
1.4790386344228462e1	4.964600904761844e-48
1.4795654228223977e1	4.9052296700606825e-48
1.4800922112219492e1	4.846525485637074e-48
1.4806189996215007e1	4.7884810202695136e-48
1.4811457880210522e1	4.731089015307626e-48
1.4816725764206037e1	4.674342284007293e-48
1.4821993648201552e1	4.6182337108702376e-48
1.4827261532197067e1	4.562756250988093e-48
1.4832529416192582e1	4.507902929390913e-48
1.4837797300188097e1	4.4536668404000867e-48
1.4843065184183612e1	4.4000411469857176e-48
1.4848333068179127e1	4.347019080128386e-48
1.4853600952174641e1	4.2945939381852885e-48
1.4858868836170156e1	4.242759086260781e-48
1.4864136720165671e1	4.191507955581255e-48
1.4869404604161186e1	4.140834042874371e-48
1.4874672488156701e1	4.090730909752611e-48
1.4879940372152216e1	4.0411921821011497e-48
1.4885208256147731e1	3.992211549469993e-48
1.4890476140143246e1	3.943782764470431e-48
1.489574402413876e1	3.8958996421757126e-48
1.4901011908134276e1	3.8485560595259734e-48
1.490627979212979e1	3.8017459547373926e-48
1.4911547676125306e1	3.755463326715535e-48
1.491681556012082e1	3.7097022344728816e-48
1.4922083444116335e1	3.664456796550541e-48
1.492735132811185e1	3.6197211904440825e-48
1.4932619212107365e1	3.575489652033511e-48
1.493788709610288e1	3.531756475017343e-48
1.4943154980098395e1	3.488516010350759e-48
1.494842286409391e1	3.445762665687837e-48
1.4953690748089425e1	3.403490904827821e-48
1.495895863208494e1	3.3616952471654147e-48
1.4964226516080455e1	3.320370267145079e-48
1.496949440007597e1	3.279510593719312e-48
1.4974762284071485e1	3.239110909810895e-48
1.4980030168067e1	3.199165951779072e-48
1.4985298052062515e1	3.1596705088896364e-48
1.499056593605803e1	3.1206194227889356e-48
1.4995833820053544e1	3.082007586981739e-48
1.500110170404906e1	3.043829946312951e-48
1.5006369588044574e1	3.006081496453158e-48
1.501163747204009e1	2.9687572833879786e-48
1.5016905356035604e1	2.931852402911207e-48
1.5022173240031119e1	2.89536200012171e-48
1.5027441124026634e1	2.85928126892406e-48
1.5032709008022149e1	2.8236054515328844e-48
1.5037976892017664e1	2.78832983798091e-48
1.5043244776013179e1	2.753449765630661e-48
1.5048512660008694e1	2.7189606186898308e-48
1.5053780544004209e1	2.6848578277302367e-48
1.5059048427999723e1	2.6511368692104098e-48
1.5064316311995238e1	2.6177932650017195e-48
1.5069584195990753e1	2.5848225819180833e-48
1.5074852079986268e1	2.5522204312491773e-48
1.5080119963981783e1	2.5199824682971497e-48
1.5085387847977298e1	2.4881043919168213e-48
1.5090655731972813e1	2.4565819440593315e-48
1.5095923615968328e1	2.4254109093192118e-48
1.5101191499963843e1	2.3945871144848575e-48
1.5106459383959358e1	2.3641064280923907e-48
1.5111727267954873e1	2.3339647599828634e-48
1.5116995151950388e1	2.3041580608627932e-48
1.5122263035945902e1	2.27468232186801e-48
1.5127530919941417e1	2.2455335741307653e-48
1.5132798803936932e1	2.2167078883501144e-48
1.5138066687932447e1	2.188201374365509e-48
1.5143334571927962e1	2.160010180733609e-48
1.5148602455923477e1	2.1321304943082618e-48
1.5153870339918992e1	2.1045585398236373e-48
1.5159138223914507e1	2.0772905794804892e-48
1.5164406107910022e1	2.050322912535523e-48
1.5169673991905537e1	2.023651874893839e-48
1.5174941875901052e1	1.9972738387044154e-48
1.5180209759896567e1	1.971185211958641e-48
1.5185477643892082e1	1.9453824380918207e-48
1.5190745527887596e1	1.919861995587673e-48
1.5196013411883111e1	1.8946203975857704e-48
1.5201281295878626e1	1.8696541914919068e-48
1.5206549179874141e1	1.8449599585913542e-48
1.5211817063869656e1	1.8205343136649982e-48
1.5217084947865171e1	1.7963739046083163e-48
1.5222352831860686e1	1.7724754120531774e-48
1.5227620715856201e1	1.7488355489924286e-48
1.5232888599851716e1	1.725451060407265e-48
1.523815648384723e1	1.702318722897323e-48
1.5243424367842746e1	1.679435344313506e-48
1.524869225183826e1	1.656797763393489e-48
1.5253960135833776e1	1.634402849399896e-48
1.525922801982929e1	1.6122475017611087e-48
1.5264495903824805e1	1.5903286497146938e-48
1.526976378782032e1	1.5686432519534076e-48
1.5275031671815835e1	1.5471882962737695e-48
1.528029955581135e1	1.525960799227167e-48
1.5285567439806865e1	1.5049578057734686e-48
1.529083532380238e1	1.4841763889371168e-48
1.5296103207797895e1	1.46361364946568e-48
1.530137109179341e1	1.443266715490829e-48
1.5306638975788925e1	1.4231327421917217e-48
1.531190685978444e1	1.4032089114607665e-48
1.5317174743779955e1	1.3834924315717303e-48
1.532244262777547e1	1.3639805368501753e-48
1.5327710511770984e1	1.3446704873461982e-48
1.53329783957665e1	1.3255595685094358e-48
1.5338246279762014e1	1.3066450908663193e-48
1.534351416375753e1	1.2879243896995503e-48
1.5348782047753044e1	1.2693948247297707e-48
1.5354049931748559e1	1.2510537797993966e-48
1.5359317815744074e1	1.2328986625585989e-48
1.5364585699739589e1	1.2149269041533945e-48
1.5369853583735104e1	1.1971359589158322e-48
1.5375121467730619e1	1.1795233040562362e-48
1.5380389351726134e1	1.1620864393574838e-48
1.5385657235721649e1	1.1448228868713042e-48
1.5390925119717163e1	1.1277301906165488e-48
1.5396193003712678e1	1.1108059162794273e-48
1.5401460887708193e1	1.0940476509156717e-48
1.5406728771703708e1	1.0774530026546051e-48
1.5411996655699223e1	1.0610196004050875e-48
1.5417264539694738e1	1.044745093563322e-48
1.5422532423690253e1	1.0286271517224785e-48
1.5427800307685768e1	1.0126634643841183e-48
1.5433068191681283e1	9.968517406713936e-49
1.5438336075676798e1	9.811897090439929e-49
1.5443603959672313e1	9.65675117014809e-49
1.5448871843667828e1	9.50305730868297e-49
1.5454139727663343e1	9.350793353805028e-49
1.5459407611658857e1	9.199937335407326e-49
1.5464675495654372e1	9.050467462748362e-49
1.5469943379649887e1	8.902362121700756e-49
1.5475211263645402e1	8.755599872015583e-49
1.5480479147640917e1	8.610159444602076e-49
1.5485747031636432e1	8.466019738822383e-49
1.5491014915631947e1	8.323159819801115e-49
1.5496282799627462e1	8.181558915749533e-49
1.5501550683622977e1	8.04119641530393e-49
1.5506818567618492e1	7.90205186487807e-49
1.5512086451614007e1	7.764104966029407e-49
1.5517354335609522e1	7.627335572838765e-49
1.5522622219605037e1	7.491723689303218e-49
1.5527890103600551e1	7.357249466741949e-49
1.5533157987596066e1	7.22389320121479e-49
1.5538425871591581e1	7.091635330953167e-49
1.5543693755587096e1	6.960456433803191e-49
1.5548961639582611e1	6.830337224680635e-49
1.5554229523578126e1	6.7012585530375e-49
1.5559497407573641e1	6.573201400339949e-49
1.5564765291569156e1	6.446146877557277e-49
1.557003317556467e1	6.3200762226616965e-49
1.5575301059560186e1	6.19497079813864e-49
1.55805689435557e1	6.070812088507303e-49
1.5585836827551216e1	5.947581697851202e-49
1.559110471154673e1	5.825261347358397e-49
1.5596372595542245e1	5.703832872871196e-49
1.560164047953776e1	5.5832782224449765e-49
1.5606908363533275e1	5.463579453915917e-49
1.561217624752879e1	5.344718732477318e-49
1.5617444131524305e1	5.226678328264287e-49
1.562271201551982e1	5.1094406139464686e-49
1.5627979899515335e1	4.9929880623285564e-49
1.563324778351085e1	4.877303243958303e-49
1.5638515667506365e1	4.762368824741755e-49
1.564378355150188e1	4.648167563565435e-49
1.5649051435497395e1	4.534682309925205e-49
1.565431931949291e1	4.421896001561492e-49
1.5659587203488424e1	4.309791662100626e-49
1.566485508748394e1	4.198352398702004e-49
1.5670122971479454e1	4.087561399710784e-49
1.567539085547497e1	3.977401932315817e-49
1.5680658739470484e1	3.867857340212583e-49
1.5685926623465999e1	3.758911041270767e-49
1.5691194507461514e1	3.65054652520627e-49
1.5696462391457029e1	3.542747351257285e-49
1.5701730275452544e1	3.435497145864219e-49
1.5706998159448059e1	3.328779600353126e-49
1.5712266043443574e1	3.2225784686223765e-49
1.5717533927439089e1	3.1168775648322662e-49
1.5722801811434604e1	3.0116607610972926e-49
1.5728069695430118e1	2.9069119851807495e-49
1.5733337579425633e1	2.802615218191408e-49
1.5738605463421148e1	2.698754492281939e-49
1.5743873347416663e1	2.5953138883488007e-49
1.5749141231412178e1	2.4922775337332937e-49
1.5754409115407693e1	2.38962959992347e-49
1.5759676999403208e1	2.287354300256584e-49
1.5764944883398723e1	2.185435887621821e-49
1.5770212767394238e1	2.083858652162942e-49
1.5775480651389753e1	1.9826069189805837e-49
1.5780748535385268e1	1.881665045833891e-49
1.5786016419380783e1	1.7810174208411545e-49
1.5791284303376298e1	1.6806484601791602e-49
1.5796552187371812e1	1.580542605780938e-49
1.5801820071367327e1	1.4806843230315758e-49
1.5807087955362842e1	1.3810580984618003e-49
1.5812355839358357e1	1.2816484374389962e-49
1.5817623723353872e1	1.182439861855347e-49
1.5822891607349387e1	1.0834169078127676e-49
1.5828159491344902e1	9.845641233043184e-50
1.5833427375340417e1	8.85866065891757e-50
1.5838695259335932e1	7.87307300378911e-50
1.5843963143331447e1	6.888723964805364e-50
1.5849231027326962e1	5.905459264863281e-50
1.5854498911322477e1	4.923124629197545e-50
1.5859766795317991e1	3.9415657619136814e-50
1.5865034679313506e1	2.960628322462646e-50
1.5870302563309021e1	1.9801579020533874e-50
1.5875570447304536e1	1e-50