mass scale factor	scattering length real re	scattering length real im
8e-1	7.640599140140607e0	-1.3257626480280686e-14
8.004004004004004e-1	7.268742207617468e0	1.6221835469745005e-13
8.008008008008008e-1	6.892634011904747e0	3.796061228009033e-13
8.012012012012012e-1	6.512258833544002e0	-2.5724998319145033e-13
8.016016016016017e-1	6.1272257319864565e0	6.272483239189985e-13
8.02002002002002e-1	5.737702407359347e0	1.2894346152988156e-12
8.024024024024025e-1	5.343512137936487e0	-1.1049215874967355e-12
8.028028028028028e-1	4.944328464219554e0	4.873972677151822e-13
8.032032032032033e-1	4.540308329787508e0	-7.019142646460806e-13
8.036036036036036e-1	4.12739107376449e0	4.3433141252970724e-15
8.040040040040041e-1	3.7129049522272775e0	6.055083985700399e-13
8.044044044044044e-1	3.2930179114382745e0	-8.169428941660635e-13
8.048048048048049e-1	2.8713688460839832e0	-1.2848527899196201e-13
8.052052052052052e-1	2.440241796791524e0	4.946308208713577e-13
8.056056056056057e-1	2.0032476160777883e0	1.1901405298224413e-12
8.06006006006006e-1	1.5602230271574298e0	-1.982963775189389e-13
8.064064064064065e-1	1.11099147830347e0	-1.194597675012971e-13
8.068068068068068e-1	6.55388840203717e-1	-5.781196248620265e-13
8.072072072072073e-1	1.9319952041290525e-1	3.6469585036260774e-14
8.076076076076076e-1	-2.757408294898775e-1	-3.158642967997806e-13
8.080080080080081e-1	-7.516378212723426e-1	1.3859180211684827e-14
8.084084084084084e-1	-1.234682353552056e0	1.4948410416970794e-14
8.088088088088089e-1	-1.7251117854436528e0	9.808197094588324e-14
8.092092092092092e-1	-2.2231347695615793e0	-5.311142772600353e-13
8.096096096096097e-1	-2.728984485911939e0	-3.418321475574701e-13
8.1001001001001e-1	-3.240308085558571e0	-1.2098588575053364e-12
8.104104104104104e-1	-3.7625113939184187e0	7.567552595214315e-13
8.108108108108109e-1	-4.29328001287717e0	-5.449204760226614e-13
8.112112112112112e-1	-4.832882401279895e0	1.7784342967563857e-13
8.116116116116117e-1	-5.381589563710788e0	-4.721022165539654e-13
8.12012012012012e-1	-5.9423245843330985e0	7.747392968153322e-13
8.124124124124125e-1	-6.510149179096247e0	4.862378487454787e-13
8.128128128128128e-1	-7.085297759408163e0	-2.265670635944002e-13
8.132132132132133e-1	-7.673463727204823e0	4.6573864221641524e-14
8.136136136136136e-1	-8.272312980046424e0	1.5462157345404374e-13
8.140140140140141e-1	-8.882198183952427e0	1.1911490281657362e-12
8.144144144144144e-1	-9.503491037032544e0	1.0945162719340158e-12
8.148148148148149e-1	-1.0136601172939725e1	-1.0416740178402031e-12
8.152152152152152e-1	-1.0781885827648747e1	1.0151978344264274e-12
8.156156156156157e-1	-1.143975479880614e1	1.66704390488115e-13
8.16016016016016e-1	-1.2110752373796835e1	-2.6805306091199503e-13
8.164164164164165e-1	-1.2795204050564578e1	-1.17938530431059e-12
8.168168168168168e-1	-1.3493696065137717e1	2.1197291830106802e-13
8.172172172172173e-1	-1.4209412355152951e1	-2.6666012252114965e-13
8.176176176176176e-1	-1.4934726651861002e1	3.6510056005029124e-13
8.180180180180181e-1	-1.5678379473781867e1	-6.464070254053458e-13
8.184184184184184e-1	-1.644097782408061e1	-3.6964038818702166e-13
8.188188188188189e-1	-1.7217610595984922e1	1.8678131562933486e-13
8.192192192192193e-1	-1.801167442546545e1	2.8424860179554054e-13
8.196196196196197e-1	-1.882097654121565e1	-2.6818507107462246e-13
8.200200200200201e-1	-1.965194317814857e1	4.959268040010504e-13
8.204204204204204e-1	-2.0502474236459207e1	-5.166707063188905e-14
8.208208208208209e-1	-2.137335550511794e1	6.55483531640897e-13
8.212212212212212e-1	-2.2265413226049805e1	3.6840378539522913e-13
8.216216216216217e-1	-2.318246415393159e1	-4.696979732876032e-13
8.22022022022022e-1	-2.411957084609316e1	6.684456616776461e-13
8.224224224224225e-1	-2.508062438969852e1	6.457347157751518e-13
8.228228228228228e-1	-2.6070928192799474e1	3.042641950511251e-13
8.232232232232233e-1	-2.708306205167865e1	1.0255708344842328e-14
8.236236236236236e-1	-2.811428360393295e1	7.642100014100601e-13
8.240240240240241e-1	-2.9181968157348162e1	4.744619933655429e-13
8.244244244244244e-1	-3.0279370864739757e1	-4.592866855502948e-13
8.248248248248249e-1	-3.1407864058198776e1	-3.287172209653804e-13
8.252252252252252e-1	-3.2568901628444586e1	1.2189525427982738e-12
8.256256256256257e-1	-3.376401709959295e1	6.853292071815182e-13
8.26026026026026e-1	-3.499486601008067e1	-1.5959516343952464e-13
8.264264264264265e-1	-3.6263238318603e1	-1.2494223133628894e-12
8.268268268268268e-1	-3.757095489919517e1	1.2043613151203798e-12
8.272272272272273e-1	-3.892002716655489e1	7.058275948899737e-14
8.276276276276276e-1	-4.03125859648431e1	-9.525761456001903e-13
8.280280280280281e-1	-4.175139747685317e1	-6.900628451973589e-13
8.284284284284285e-1	-4.323792749858236e1	2.42154921755513e-13
8.288288288288289e-1	-4.477528806413516e1	-3.8773392256475326e-13
8.292292292292293e-1	-4.636628308948773e1	9.776411564966785e-13
8.296296296296297e-1	-4.801392874631353e1	3.954920251973927e-13
8.300300300300301e-1	-4.972502406287379e1	1.8080120697485918e-13
8.304304304304304e-1	-5.149240430638546e1	1.9800990662885612e-13
8.308308308308309e-1	-5.333054918207432e1	2.4036540855166156e-14
8.312312312312312e-1	-5.5239968487241065e1	-3.6504479256169347e-13
8.316316316316317e-1	-5.7225084965447756e1	3.3720592182888817e-13
8.32032032032032e-1	-5.929069337392989e1	-1.3639794138742482e-12
8.324324324324325e-1	-6.144200835054134e1	4.264416744632398e-13
8.328328328328328e-1	-6.3684678719252545e1	7.313686543048999e-13
8.332332332332333e-1	-6.602419165273973e1	8.176070948212152e-13
8.336336336336336e-1	-6.847197888157113e1	6.426619894505997e-13
8.340340340340341e-1	-7.102492351588016e1	1.1013585661644268e-13
8.344344344344344e-1	-7.370092611192102e1	-5.26920777262724e-13
8.348348348348349e-1	-7.65056262419158e1	-9.583620243444666e-13
8.352352352352352e-1	-7.944878621706955e1	4.60196515279717e-13
8.356356356356357e-1	-8.254127921893645e1	-3.890859414544679e-13
8.36036036036036e-1	-8.579506182821058e1	1.509382931875051e-13
8.364364364364365e-1	-8.922415110334956e1	-8.292462230465884e-13
8.368368368368369e-1	-9.284059623732088e1	-2.9727023200826425e-13
8.372372372372373e-1	-9.666425637754008e1	-7.394301630446599e-14
8.376376376376377e-1	-1.0071232815351998e2	-4.874033910088678e-13
8.380380380380381e-1	-1.0500558793227708e2	-2.437023736278085e-13
8.384384384384385e-1	-1.0956745947737731e2	7.610865262502891e-13
8.388388388388389e-1	-1.1442445423385381e2	-3.859293712224872e-13
8.392392392392393e-1	-1.1960666948408067e2	-4.1590821479828904e-13
8.396396396396397e-1	-1.2514849263445288e2	-4.962940940627775e-13
8.400400400400401e-1	-1.3109469393212478e2	5.982204559997593e-13
8.404404404404404e-1	-1.3747413477718865e2	-2.4381945578793557e-13
8.408408408408409e-1	-1.4436197285579965e2	9.735073294813598e-13
8.412412412412413e-1	-1.5179544493535664e2	-3.566294812082201e-13
8.416416416416417e-1	-1.598645446981128e2	-1.0941017555218379e-12
8.42042042042042e-1	-1.6864701655732236e2	-4.896521972768235e-13
8.424424424424425e-1	-1.7824305143411758e2	-5.549449988250007e-13
8.428428428428428e-1	-1.8877198424650598e2	-2.1052192477494646e-13
8.432432432432433e-1	-2.003785858100081e2	5.942665850249225e-13
8.436436436436436e-1	-2.13238212190044e2	-1.6255996416595795e-13
8.440440440440441e-1	-2.2756679764721062e2	-9.607219516763272e-13
8.444444444444444e-1	-2.4363283217162936e2	-5.871959648514116e-13
8.448448448448449e-1	-2.6177482233863583e2	-6.040920647426005e-14
8.452452452452452e-1	-2.8242501541732076e2	-9.887917816293266e-13
8.456456456456457e-1	-3.0614429549930315e2	-2.4787521520485083e-13
8.46046046046046e-1	-3.3367511314324344e2	-8.262968608344436e-14
8.464464464464465e-1	-3.660196012030812e2	-2.7545205410412843e-14
8.468468468468469e-1	-4.045653482938741e2	1.6528680303830251e-13
8.472472472472473e-1	-4.512897677270396e2	-1.020286677089093e-12
8.476476476476477e-1	-5.091111118865108e2	-5.902349478148994e-13
8.480480480480481e-1	-5.825233202108249e2	1.1736570095290313e-12
8.484484484484485e-1	-6.788255402076902e2	4.305067778300334e-13
8.488488488488489e-1	-8.107158861649054e2	-2.1360749670087853e-14
8.492492492492493e-1	-1.0024153695610887e3	3.5640495600672025e-13
8.496496496496497e-1	-1.3065734981490687e3	-3.000464446885268e-13
8.500500500500501e-1	-1.863303492580461e3	-1.149413830416031e-13
8.504504504504505e-1	-3.2107810958896675e3	-1.174137148226402e-13
8.508508508508509e-1	-1.1164429768618404e4	0e0
8.512512512512513e-1	7.748590487828868e3	-5.41650964212924e-13
8.516516516516517e-1	2.9026006853181093e3	7.587899656827492e-13
8.52052052052052e-1	1.7956327605041631e3	5.16845958779742e-13
8.524524524524525e-1	1.3049627643771428e3	-1.1716151507419407e-12
8.528528528528528e-1	1.02796311470805e3	-1.2476398635499946e-12
8.532532532532533e-1	8.500060739158484e2	6.765715656605415e-13
8.536536536536536e-1	7.260178660738695e2	9.999921493763287e-13
8.540540540540541e-1	6.346728198411968e2	-1.1881327263708946e-12
8.544544544544544e-1	5.645732995466533e2	-6.188016913960992e-13
8.548548548548549e-1	5.0907468547392705e2	1.2587024398429762e-12
8.552552552552553e-1	4.6404135535838424e2	-7.821352251926933e-13
8.556556556556557e-1	4.267649854360355e2	1.1037603780331925e-12
8.560560560560561e-1	3.953975921387616e2	1.2813941958543502e-12
8.564564564564565e-1	3.686348801874328e2	-4.256226022199365e-13
8.568568568568569e-1	3.4553018841308534e2	6.050808658393145e-13
8.572572572572573e-1	3.25379679007614e2	-5.117643815306647e-13
8.576576576576577e-1	3.0764922271906096e2	1.1798589457752824e-12
8.580580580580581e-1	2.9192610571016417e2	-9.301770630096132e-13
8.584584584584585e-1	2.778864212293107e2	8.315410612096698e-13
8.588588588588589e-1	2.652723909436209e2	-5.303623408679984e-13
8.592592592592593e-1	2.5387630937620142e2	-3.7355636461085637e-13
8.596596596596597e-1	2.435289496007254e2	1.9810154457691264e-13
8.600600600600601e-1	2.3409104408056515e2	-7.395388352691264e-13
8.604604604604605e-1	2.2544694072367372e2	1.2343257242531545e-12
8.608608608608609e-1	2.1749979665042082e2	6.919963433815267e-13
8.612612612612613e-1	2.1016790721236623e2	-9.38493976020618e-13
8.616616616616617e-1	2.0338185320977675e2	1.0655119940847063e-12
8.62062062062062e-1	1.9708228448959176e2	2.10968784290379e-13
8.624624624624625e-1	1.9121814941824152e2	8.882831477738232e-15
8.628628628628628e-1	1.857452989214366e2	3.59308161620723e-13
8.632632632632633e-1	1.8062535556274324e2	-2.0074946133539906e-13
8.636636636636636e-1	1.7582480100733173e2	-5.345147203548293e-13
8.640640640640641e-1	1.7131423040360514e2	5.82478223729689e-13
8.644644644644645e-1	1.670677401181563e2	2.176233447619911e-14
8.648648648648649e-1	1.6306242163891037e2	-6.044573841433324e-13
8.652652652652653e-1	1.5927794087217143e2	-7.290322703267993e-13
8.656656656656657e-1	1.556961862753265e2	-1.8986303346107684e-13
8.660660660660661e-1	1.523009732930658e2	-4.176972744180183e-13
8.664664664664665e-1	1.4907779504546374e2	6.42199233487349e-13
8.668668668668669e-1	1.4601361823493062e2	5.114040628007368e-13
8.672672672672673e-1	1.4309667031708028e2	-8.971197698478198e-13
8.676676676676677e-1	1.4031633206889316e2	1.1893468692562392e-12
8.680680680680681e-1	1.3766297542246315e2	5.578103569161715e-13
8.684684684684685e-1	1.351278550062571e2	3.932643120220994e-13
8.688688688688689e-1	1.327030103992172e2	-7.272376848137398e-13
8.692692692692693e-1	1.30381181010847e2	7.865254454094029e-13
8.696696696696697e-1	1.2815572365519046e2	-1.23374571159066e-12
8.700700700700701e-1	1.2602055770683782e2	-1.7342579613180015e-13
8.704704704704704e-1	1.2397010525957799e2	-6.187582409877223e-13
8.708708708708709e-1	1.2199922219533497e2	1.6731871859712467e-13
8.712712712712714e-1	1.2010320557390692e2	-2.1306181022801404e-13
8.716716716716717e-1	1.1827768633370097e2	2.231650028305812e-13
8.72072072072072e-1	1.1651865266108864e2	-1.6642979888248628e-13
8.724724724724725e-1	1.1482234483486445e2	4.428870122560935e-13
8.72872872872873e-1	1.1318530732560791e2	7.081298518278811e-13
8.732732732732733e-1	1.1160436866135701e2	9.694861727615713e-13
8.736736736736737e-1	1.1007655241013195e2	-8.869922823668638e-13
8.740740740740741e-1	1.0859903028196628e2	-4.93846235771903e-13
8.744744744744745e-1	1.0716927149146983e2	7.485404725745427e-13
8.748748748748749e-1	1.0578484856136139e2	1.6565133895596543e-13
8.752752752752753e-1	1.0444351141462685e2	-4.041356082175633e-13
8.756756756756757e-1	1.031431543254658e2	-4.716391688086607e-13
8.760760760760761e-1	1.0188148115530682e2	-3.317459192000873e-13
8.764764764764765e-1	1.0065728722847636e2	-4.857387013832609e-13
8.768768768768769e-1	9.946852677869583e1	-8.120434616591688e-13
8.772772772772773e-1	9.831356733794613e1	6.662659603948173e-13
8.776776776776777e-1	9.719088180478921e1	5.52797179703424e-13
8.780780780780781e-1	9.609902975754e1	-1.062404623871417e-12
8.784784784784785e-1	9.50366614010923e1	4.77632114826018e-13
8.788788788788789e-1	9.400249317593983e1	-4.5054158600664503e-13
8.792792792792793e-1	9.299576671648869e1	1.973477535915027e-13
8.796796796796797e-1	9.201445087376274e1	-3.6061048056347754e-13
8.800800800800801e-1	9.105794763199071e1	-9.489890226633376e-13
8.804804804804806e-1	9.012519602629128e1	3.830926986314325e-13
8.808808808808809e-1	8.921524970092055e1	6.320665374900577e-13
8.812812812812814e-1	8.832671953984003e1	3.863675449351375e-14
8.816816816816817e-1	8.745968566829436e1	2.2965542370114553e-13
8.82082082082082e-1	8.661285963706032e1	-6.322321437969379e-13
8.824824824824825e-1	8.578546386184759e1	1.2379287320484741e-13
8.82882882882883e-1	8.497675950242903e1	2.423674636681115e-13
8.832832832832833e-1	8.418604401488886e1	-4.150665929686315e-13
8.836836836836837e-1	8.341317941436455e1	7.719003031111156e-13
8.840840840840841e-1	8.265648512269826e1	-2.2982135639774655e-14
8.844844844844845e-1	8.191586069929942e1	-3.676030010101076e-13
8.848848848848849e-1	8.119023211477469e1	5.510712169610434e-13
8.852852852852853e-1	8.04800546330624e1	-1.405350434600712e-12
8.856856856856857e-1	7.978430314047107e1	-3.349058351810148e-13
8.860860860860861e-1	7.910249272165194e1	2.6307279934009184e-13
8.864864864864865e-1	7.843411212574887e1	5.811025803292465e-13
8.868868868868869e-1	7.777872101216913e1	-5.078261988010254e-13
8.872872872872873e-1	7.713587786906281e1	7.520244102085896e-13
8.876876876876877e-1	7.650517240970282e1	-9.45317758670723e-13
8.880880880880881e-1	7.588620948224256e1	6.59762648499129e-13
8.884884884884885e-1	7.527858904937007e1	-8.461724080027231e-13
8.88888888888889e-1	7.46819507249973e1	5.541225832604307e-13
8.892892892892893e-1	7.409594336066148e1	-4.895617797952773e-13
8.896896896896898e-1	7.352023022178525e1	5.627821704545079e-13
8.900900900900901e-1	7.295448681621511e1	4.5264594490601886e-13
8.904904904904906e-1	7.239840481104699e1	5.502361337024991e-13
8.908908908908909e-1	7.185168183298529e1	-6.444400371481369e-13
8.912912912912914e-1	7.13140317209191e1	-7.977087630197283e-14
8.916916916916917e-1	7.078518387234651e1	6.486586382340231e-13
8.920920920920921e-1	7.026486859545577e1	-6.017507890388616e-14
8.924924924924925e-1	6.975283417179294e1	6.502681834393131e-13
8.92892892892893e-1	6.924883337661373e1	-1.638715419605429e-13
8.932932932932933e-1	6.875263121654866e1	4.206146335923281e-13
8.936936936936937e-1	6.826400142172578e1	1.1518743244364684e-13
8.940940940940941e-1	6.778272435716332e1	-5.490137182920372e-13
8.944944944944945e-1	6.730858938639335e1	3.687106532665098e-13
8.948948948948949e-1	6.684139882856903e1	-1.0290811055748743e-12
8.952952952952953e-1	6.638094208985e1	-1.498823191862118e-13
8.956956956956957e-1	6.59270451893872e1	4.323826507574366e-13
8.960960960960961e-1	6.547952171121283e1	6.224554807035485e-13
8.964964964964965e-1	6.503945982782594e1	6.842401522563238e-13
8.968968968968969e-1	6.460416119989932e1	-1.1024113822896286e-12
8.972972972972973e-1	6.417473019834904e1	-9.936633367760252e-14
8.976976976976977e-1	6.375099757051755e1	3.9307982407318444e-13
8.980980980980982e-1	6.33328131507899e1	4.474259053673919e-14
8.984984984984985e-1	6.2920029221351456e1	-4.599992726997673e-13
8.98898898898899e-1	6.2512502194961804e1	3.9752057507888496e-13
8.992992992992993e-1	6.211009421264363e1	1.3258732900403488e-12
8.996996996996998e-1	6.171268750575688e1	9.87583788567449e-13
9.001001001001001e-1	6.1320105872475565e1	4.4745329693538435e-13
9.005005005005006e-1	6.093226126001646e1	-2.259054539331272e-13
9.009009009009009e-1	6.05490214405524e1	-8.753661541253084e-13
9.013013013013014e-1	6.017027052257735e1	1.164582650677417e-12
9.017017017017017e-1	5.97958880171063e1	-4.0146148529540306e-13
9.021021021021021e-1	5.9424563972852994e1	3.569964657411753e-13
9.025025025025025e-1	5.905858902450013e1	3.5050153425298985e-13
9.02902902902903e-1	5.869666350163105e1	-5.267236849255293e-13
9.033033033033033e-1	5.833995150943707e1	9.339858560346289e-14
9.037037037037037e-1	5.7985826729549665e1	-4.613306636389105e-13
9.041041041041041e-1	5.763545444438186e1	8.546037699133466e-14
9.045045045045045e-1	5.7288721233186465e1	6.832110771713695e-13
9.049049049049049e-1	5.694560255136686e1	-3.7917307874567303e-13
9.053053053053053e-1	5.660593906282439e1	2.834707683517063e-13
9.057057057057057e-1	5.626967222970922e1	-6.709982352804058e-13
9.061061061061061e-1	5.5935421169858486e1	-3.2399426855495325e-13
9.065065065065065e-1	5.5605687511100676e1	7.225129609256765e-13
9.069069069069069e-1	5.527911457941944e1	8.839687319169694e-13
9.073073073073074e-1	5.495561436118932e1	-1.0910828562790526e-13
9.077077077077077e-1	5.4635119305525585e1	-7.502685653944508e-13
9.081081081081082e-1	5.431755155190386e1	-4.2707932044896253e-13
9.085085085085085e-1	5.4002843808634886e1	-1.5204654947914866e-13
9.08908908908909e-1	5.36909263486091e1	-9.195512287665273e-13
9.093093093093093e-1	5.33817325171988e1	-2.5779628398123037e-13
9.097097097097098e-1	5.3076709164105125e1	1.0349320650404513e-12
9.101101101101101e-1	5.277277646216301e1	3.363730087170677e-13
9.105105105105106e-1	5.247137696686642e1	2.4241946968566546e-13
9.109109109109109e-1	5.2172318038876774e1	6.832098276717239e-13
9.113113113113114e-1	5.1875803644167206e1	-8.990390937188106e-13
9.117117117117117e-1	5.158178899670204e1	1.9925908463941068e-13
9.121121121121121e-1	5.1289787858606026e1	2.7367243085366575e-13
9.125125125125125e-1	5.100031747029872e1	1.6498060558411356e-13
9.12912912912913e-1	5.071292967573441e1	-3.7647993263350813e-13
9.133133133133133e-1	5.0427611692722756e1	3.3071055533399757e-13
9.137137137137137e-1	5.014445204424355e1	3.264638848675677e-13
9.141141141141141e-1	4.986330049844081e1	-2.673994878759057e-13
9.145145145145145e-1	4.958412920578015e1	-2.756984503642871e-13
9.14914914914915e-1	4.930689886096017e1	-2.7761357616777815e-13
9.153153153153153e-1	4.9031556337562144e1	-9.513579373708267e-13
9.157157157157158e-1	4.875806707640191e1	-5.70020896283177e-13
9.161161161161161e-1	4.8486392751243244e1	-6.251438637995994e-13
9.165165165165166e-1	4.8216456409960514e1	-1.1222223739764924e-12
9.169169169169169e-1	4.7948257238410626e1	-9.675114807396484e-13
9.173173173173174e-1	4.768172300588852e1	2.5257770770922284e-13
9.177177177177177e-1	4.741682092442482e1	-2.4763715615967936e-13
9.181181181181182e-1	4.715351144623469e1	-1.9684404475080573e-13
9.185185185185185e-1	4.689175851607728e1	5.606668613985153e-15
9.18918918918919e-1	4.663151700714456e1	-3.1108681573004514e-13
9.193193193193193e-1	4.637275255328935e1	-2.669828553451191e-13
9.197197197197198e-1	4.6115427018936735e1	1.596651163967157e-13
9.201201201201201e-1	4.585950338809107e1	1.9705213484077066e-13
9.205205205205206e-1	4.56049485465298e1	5.142034747531802e-13
9.209209209209209e-1	4.535172331603659e1	1.2206711050991516e-12
9.213213213213214e-1	4.5099795530813815e1	9.912556953108057e-13
9.217217217217217e-1	4.48491301137378e1	-5.3804556313339517e-14
9.221221221221221e-1	4.459969373474252e1	-9.99887591250268e-13
9.225225225225225e-1	4.435145400397946e1	-1.1444395366719604e-12
9.22922922922923e-1	4.410438470173412e1	-1.020732022814538e-12
9.233233233233233e-1	4.385844212143121e1	3.4956991852242855e-13
9.237237237237237e-1	4.361360045888079e1	-8.25997479114718e-13
9.241241241241241e-1	4.3369830343064066e1	-1.093132694656706e-12
9.245245245245245e-1	4.3127099269194375e1	1.7237711066821105e-13
9.24924924924925e-1	4.288540040545464e1	-3.661955160492689e-13
9.253253253253253e-1	4.2644661387390194e1	-4.779956529911636e-13
9.257257257257258e-1	4.240485516577124e1	-4.3561259278778234e-13
9.261261261261261e-1	4.216601697736317e1	-3.4444881410242124e-13
9.265265265265266e-1	4.1928049235638746e1	-2.60071327395527e-13
9.269269269269269e-1	4.1690949463136704e1	-4.766077378082225e-13
9.273273273273274e-1	4.1454691083339306e1	1.887529166722398e-13
9.277277277277277e-1	4.121924587669424e1	9.614588058035225e-13
9.281281281281282e-1	4.0984589921813125e1	-5.983026756133973e-13
9.285285285285285e-1	4.075014272527177e1	1.2848130024703715e-13
9.28928928928929e-1	4.051697958081611e1	7.965756843653385e-13
9.293293293293293e-1	4.028452619970783e1	-8.168511966565034e-13
9.297297297297298e-1	4.0053405142470005e1	8.982725810681469e-13
9.301301301301301e-1	3.9822218890443004e1	-2.533681693687145e-13
9.305305305305306e-1	3.959182809416069e1	2.079597844832789e-13
9.309309309309309e-1	3.936188634195722e1	-2.405172376096181e-13
9.313313313313314e-1	3.9132611151420214e1	-4.3905391420178706e-13
9.317317317317317e-1	3.89038969704248e1	7.521800652601954e-15
9.321321321321321e-1	3.8675721792920335e1	-8.586925972700934e-13
9.325325325325325e-1	3.844806103997297e1	-4.2599477028092664e-13
9.32932932932933e-1	3.8220899083370846e1	6.877311571615048e-13
9.333333333333333e-1	3.79941994031254e1	4.61868982796522e-13
9.337337337337337e-1	3.7767946457038136e1	3.2027318199933196e-13
9.341341341341342e-1	3.754222629829729e1	-1.1307122056922749e-12
9.345345345345346e-1	3.7316796470721805e1	1.7810839538960702e-13
9.34934934934935e-1	3.709174804732529e1	-8.147272072498574e-13
9.353353353353353e-1	3.686705490299307e1	8.712516600039901e-14
9.357357357357358e-1	3.66426964450769e1	6.959604502267989e-13
9.361361361361361e-1	3.64186539927386e1	-5.374337056661041e-13
9.365365365365366e-1	3.6194900060087235e1	3.145415036428452e-13
9.369369369369369e-1	3.597141515149421e1	3.453919486305031e-13
9.373373373373374e-1	3.57481786797507e1	-6.186051621715846e-13
9.377377377377377e-1	3.552516879812619e1	8.513089045624463e-13
9.381381381381382e-1	3.530236668213569e1	-2.2988656000065063e-13
9.385385385385385e-1	3.507974607254873e1	-7.79379928997761e-14
9.38938938938939e-1	3.485729176112978e1	-8.011681076638985e-13
9.393393393393393e-1	3.463497848868675e1	-7.096853029822725e-13
9.397397397397398e-1	3.441278690929316e1	-4.557623258769004e-13
9.401401401401401e-1	3.419069676769937e1	5.424849546580377e-13
9.405405405405406e-1	3.396869267684569e1	8.508645009806051e-13
9.409409409409409e-1	3.3746741958230565e1	5.4609313827882936e-14
9.413413413413414e-1	3.352476819028503e1	6.600301991299837e-14
9.417417417417417e-1	3.330294595785867e1	-2.5479717922350644e-14
9.421421421421421e-1	3.308104937003569e1	1.953167385764461e-13
9.425425425425425e-1	3.2859129409878804e1	1.7300116111381022e-13
9.42942942942943e-1	3.263709758180595e1	-6.466657070536565e-13
9.433433433433434e-1	3.241513910746466e1	-3.94047367432032e-13
9.437437437437437e-1	3.219295935264696e1	2.0195030673507997e-13
9.441441441441442e-1	3.1970858401607597e1	1.6361970865287077e-13
9.445445445445446e-1	3.174851392250473e1	-4.903803167653186e-13
9.44944944944945e-1	3.1525978399746695e1	8.671149827797942e-13
9.453453453453453e-1	3.1303259323673224e1	-9.670769929928144e-14
9.457457457457458e-1	3.108041304225486e1	-1.2766914504884884e-13
9.461461461461461e-1	3.0857476181888874e1	-8.094524561414602e-13
9.465465465465466e-1	3.0634189892763153e1	9.033914756386308e-13
9.469469469469469e-1	3.0410653448125213e1	5.34400663885091e-13
9.473473473473474e-1	3.018684433321199e1	-1.3662726197455664e-13
9.477477477477477e-1	2.9962742182292455e1	-2.739622806990543e-13
9.481481481481482e-1	2.9738329492288667e1	6.349454773911036e-13
9.485485485485485e-1	2.9513578150192195e1	-5.703302685908812e-13
9.48948948948949e-1	2.928847068817901e1	1.412069207335908e-14
9.493493493493493e-1	2.906298396032956e1	4.4706733576000903e-13
9.497497497497498e-1	2.883709983799539e1	8.432376940347793e-13
9.501501501501501e-1	2.8610760906702144e1	-1.27874472073521e-12
9.505505505505506e-1	2.8384009827235523e1	-6.133097716517218e-13
9.50950950950951e-1	2.8156832105002888e1	-3.744515261944132e-13
9.513513513513514e-1	2.792912865595742e1	-9.767283549544507e-13
9.517517517517518e-1	2.77009144226135e1	-1.126671279787144e-12
9.521521521521521e-1	2.7472136574650786e1	1.6933722182630964e-13
9.525525525525526e-1	2.7242836522229624e1	5.543705160677551e-13
9.52952952952953e-1	2.7012957092223434e1	-5.780252428686897e-13
9.533533533533534e-1	2.678247894972671e1	6.938911646217308e-18
9.537537537537537e-1	2.6551435585425985e1	4.186800329607268e-13
9.541541541541542e-1	2.6319682906508586e1	-9.407081714200027e-14
9.545545545545546e-1	2.60872622293921e1	3.074353800561622e-13
9.54954954954955e-1	2.585414231092113e1	-2.372760433622655e-13
9.553553553553553e-1	2.5620303066290866e1	-2.1713931607282581e-13
9.557557557557558e-1	2.5385718606393517e1	1.384243132768492e-13
9.561561561561562e-1	2.5150365456976026e1	-4.0104815790180364e-13
9.565565565565566e-1	2.4914219718798226e1	5.585058713596451e-13
9.569569569569569e-1	2.4677252751407806e1	6.730117251004852e-13
9.573573573573574e-1	2.4439456255888217e1	4.61208447204186e-13
9.577577577577577e-1	2.4200775320084695e1	4.4715019990703925e-13
9.581581581581582e-1	2.3961195313135267e1	-3.6885848085688215e-13
9.585585585585585e-1	2.372069101777967e1	1.0318988712473318e-12
9.58958958958959e-1	2.3479239922928652e1	1.265656749844199e-14
9.593593593593593e-1	2.3236807033952804e1	-2.5547669057621007e-13
9.597597597597598e-1	2.2993892274199684e1	8.31489234144819e-13
9.601601601601601e-1	2.2749421668760412e1	-7.733481013729496e-13
9.605605605605606e-1	2.250387798969846e1	3.338377318204205e-13
9.60960960960961e-1	2.2257265365481448e1	1.2511194923010609e-13
9.613613613613614e-1	2.200952017023251e1	-8.480383951482447e-13
9.617617617617618e-1	2.1760632567401686e1	-3.6005981779861333e-13
9.621621621621621e-1	2.1510556996292628e1	-1.0256604319540116e-12
9.625625625625626e-1	2.125926958051397e1	7.092601940934748e-13
9.62962962962963e-1	2.1006739233264284e1	-7.091560837420931e-13
9.633633633633634e-1	2.075293500318724e1	1.025375820696639e-12
9.637637637637637e-1	2.0497824839060225e1	-6.183604664963724e-13
9.641641641641642e-1	2.0241378653320805e1	-7.21646031913134e-14
9.645645645645646e-1	1.998355406416103e1	-8.223988899585267e-14
9.64964964964965e-1	1.9724324539397504e1	4.0800753427702947e-13
9.653653653653653e-1	1.9463658205179325e1	1.915137336291205e-13
9.657657657657658e-1	1.9201512224590605e1	5.4567534311209884e-14
9.661661661661662e-1	1.8937854761303146e1	8.385560063954072e-13
9.665665665665666e-1	1.867264849230331e1	3.795579748275142e-13
9.669669669669669e-1	1.8405856440945374e1	3.7414561757593427e-13
9.673673673673674e-1	1.813744161257741e1	-3.4173746195105875e-13
9.677677677677677e-1	1.7867366698282176e1	-2.902681451052733e-13
9.681681681681682e-1	1.7595588962697587e1	1.564652940031967e-13
9.685685685685685e-1	1.732207146044029e1	1.6318908416328136e-13
9.68968968968969e-1	1.704677092496325e1	-4.242236032383947e-13
9.693693693693693e-1	1.6769655376531734e1	-1.303358056611129e-12
9.697697697697698e-1	1.649066571806521e1	-9.56076439311015e-13
9.701701701701702e-1	1.6209797043437465e1	-2.5927895674848147e-13
9.705705705705706e-1	1.5926944541579607e1	-5.037381402970099e-13
9.70970970970971e-1	1.5642076065143057e1	-5.803244988140366e-13
9.713713713713714e-1	1.5355168110526812e1	-2.4343221912701106e-13
9.717717717717718e-1	1.5066215121202625e1	-3.1412051666241477e-13
9.721721721721721e-1	1.4775063539796385e1	-1.6874015585641817e-13
9.725725725725726e-1	1.448177237223569e1	-6.449932316823466e-13
9.72972972972973e-1	1.4186212755375168e1	-2.4929729325471754e-13
9.733733733733734e-1	1.3888363123178268e1	7.281055873711873e-13
9.737737737737737e-1	1.3588168669554294e1	1.0993297002430525e-13
9.741741741741742e-1	1.328555738342055e1	5.665974807267507e-13
9.745745745745746e-1	1.2980512002806638e1	1.1520826094703388e-13
9.74974974974975e-1	1.2672956302441706e1	5.855822730160041e-13
9.753753753753753e-1	1.236283278201008e1	-8.573285752838537e-13
9.757757757757758e-1	1.2050084734849392e1	8.912025148588468e-13
9.761761761761762e-1	1.1734721933245412e1	-1.1150461163306588e-13
9.765765765765766e-1	1.1416497650834955e1	4.4074834219744093e-13
9.769769769769769e-1	1.109549880459341e1	-1.4211815204452337e-13
9.773773773773774e-1	1.0771668033403877e1	9.218020883413046e-13
9.777777777777777e-1	1.0444802136580874e1	-4.567615470194457e-14
9.781781781781782e-1	1.0114965175369539e1	1.5914966277308071e-13
9.785785785785786e-1	9.782046740138464e0	-5.699219135309739e-13
9.78978978978979e-1	9.445969582074634e0	2.2247835845790092e-13
9.793793793793794e-1	9.106662505665616e0	-1.7388960140258636e-13
9.797797797797798e-1	8.764049971745502e0	-2.579959541993672e-13
9.801801801801802e-1	8.418061572257995e0	2.3138701829922977e-13
9.805805805805806e-1	8.068599717519525e0	3.733255915673701e-13
9.80980980980981e-1	7.715591798010336e0	-5.689894243621678e-13
9.813813813813814e-1	7.358950958970666e0	-3.3622156884139816e-13
9.817817817817818e-1	6.998272984649576e0	-7.917700038309914e-13
9.821821821821821e-1	6.634110873785456e0	-6.339678071899951e-14
9.825825825825826e-1	6.266527208458123e0	-1.217346711706595e-13
9.82982982982983e-1	5.8944665653414035e0	-3.1936696951998397e-14
9.833833833833834e-1	5.518318507787887e0	7.235124768397725e-13
9.837837837837837e-1	5.137898501848412e0	2.363125116212912e-13
9.841841841841842e-1	4.7533499338156275e0	7.027525847412938e-13
9.845845845845846e-1	4.364235473194082e0	2.963671183106573e-13
9.84984984984985e-1	3.9706921455897413e0	1.0090994381722027e-12
9.853853853853853e-1	3.5725303819190644e0	-5.055194781934927e-13
9.857857857857858e-1	3.169629037365919e0	-5.766296941829959e-13
9.861861861861863e-1	2.761869746865201e0	6.520022877879457e-13
9.865865865865866e-1	2.3491344484092758e0	-7.913944183782526e-14
9.86986986986987e-1	1.9313954691832977e0	-5.651103306823348e-13
9.873873873873874e-1	1.5082304313756592e0	-1.9422956245142492e-13
9.877877877877878e-1	1.0797664384219983e0	-2.038912260704222e-13
9.881881881881882e-1	6.458022222728915e-1	1.5688305848966364e-13
9.885885885885886e-1	2.0618129841931757e-1	4.767029921374871e-13
9.88988988988989e-1	-2.3922708411150825e-1	7.544951743323621e-13
9.893893893893894e-1	-6.906094169211491e-1	2.2462998365748172e-13
9.897897897897898e-1	-1.148106842293692e0	-7.073957610902151e-13
9.901901901901902e-1	-1.612237342638855e0	1.8649936375555543e-13
9.905905905905906e-1	-2.082466203049735e0	-2.534981813824019e-13
9.90990990990991e-1	-2.558624117821487e0	-3.1931814738413803e-14
9.913913913913914e-1	-3.0422592533263573e0	-5.124311524319226e-13
9.917917917917918e-1	-3.5329096894874072e0	9.833497319162688e-15
9.921921921921921e-1	-4.030747267447904e0	-4.987408356601744e-13
9.925925925925926e-1	-4.535972766549425e0	-3.484578343561614e-13
9.92992992992993e-1	-5.048796802719e0	-5.878596777286034e-13
9.933933933933934e-1	-5.56943420745649e0	-1.3015957000535154e-13
9.937937937937937e-1	-6.098106232884209e0	-4.063490557376011e-13
9.941941941941942e-1	-6.6350457968373915e0	-5.762665594097592e-13
9.945945945945946e-1	-7.180686090512694e0	-2.5562109418043487e-13
9.94994994994995e-1	-7.734899489814887e0	-8.239894976874594e-14
9.953953953953953e-1	-8.298132756933903e0	1.6441106165676806e-13
9.957957957957958e-1	-8.870649210638916e0	-6.29262451657692e-13
9.961961961961963e-1	-9.452739288508978e0	7.678244278548348e-13
9.965965965965966e-1	-1.004445324971208e1	-2.076603559332616e-13
9.96996996996997e-1	-1.0646561881965361e1	-4.243092047065966e-13
9.973973973973974e-1	-1.12591445338882e1	-7.486280762369325e-13
9.977977977977978e-1	-1.1882533020330328e1	6.758087235995037e-13
9.981981981981982e-1	-1.251706617463012e1	-2.159506476356801e-13
9.985985985985986e-1	-1.3163328790053777e1	-9.08747623890565e-13
9.98998998998999e-1	-1.382098368928522e1	1.8790711571707022e-13
9.993993993993994e-1	-1.4491136734074109e1	-5.024699880028479e-13
9.997997997997998e-1	-1.5173945581160675e1	-2.448061223688147e-13
1.0002002002002002e0	-1.5870036290425878e1	7.261195017860765e-13
1.0006006006006005e0	-1.6579423819656828e1	-1.109381089907513e-12
1.001001001001001e0	-1.730278935180655e1	-7.302465432770692e-13
1.0014014014014014e0	-1.804059694434412e1	-1.4381222086015646e-13
1.0018018018018018e0	-1.879335723914243e1	1.9126392460632666e-13
1.0022022022022021e0	-1.9561575610680233e1	-2.855567102948088e-13
1.0026026026026025e0	-2.0345812744093845e1	7.808245343687758e-13
1.003003003003003e0	-2.1146635150818984e1	-6.279882987122359e-13
1.0034034034034034e0	-2.1964639551858365e1	-2.206676339016578e-13
1.0038038038038037e0	-2.2800483348728466e1	-4.776882661955183e-13
1.0042042042042043e0	-2.3654714261326614e1	-7.450861150215043e-13
1.0046046046046047e0	-2.4528156228289212e1	-9.100171753599518e-13
1.005005005005005e0	-2.5421485668482795e1	-7.99660892123855e-13
1.0054054054054054e0	-2.633546225704917e1	7.653966876683415e-13
1.0058058058058057e0	-2.7270883817825975e1	7.484450675838802e-13
1.0062062062062063e0	-2.8228595599727875e1	5.332555952047971e-13
1.0066066066066066e0	-2.9209498283795128e1	-4.1820847855098524e-14
1.007007007007007e0	-3.0214473625383956e1	-1.041399715662323e-12
1.0074074074074075e0	-3.1244563718896664e1	-1.3820245808184338e-13
1.0078078078078079e0	-3.230078352903096e1	-1.3586407679835532e-13
1.0082082082082082e0	-3.338422220506726e1	-7.666677307428877e-13
1.0086086086086086e0	-3.4496049388137564e1	-2.3796349544962273e-13
1.009009009009009e0	-3.563750152742888e1	-6.017576404593197e-13
1.0094094094094095e0	-3.680982767080211e1	-6.873703453042424e-14
1.0098098098098098e0	-3.801444036714732e1	-6.914923060951097e-13
1.0102102102102102e0	-3.9252780191417756e1	-3.2879446228932714e-13
1.0106106106106105e0	-4.052587585339894e1	-3.3231956921491023e-13
1.011011011011011e0	-4.1836372507457206e1	5.906703128212408e-13
1.0114114114114114e0	-4.318550524883083e1	7.271873320922119e-13
1.0118118118118118e0	-4.457512275196966e1	-6.321518643357409e-13
1.0122122122122121e0	-4.600718918207865e1	1.940130277817283e-13
1.0126126126126127e0	-4.7483794805908644e1	-4.2335940899839365e-13
1.013013013013013e0	-4.900719551022834e1	1.6803378336997644e-13
1.0134134134134134e0	-5.057976136899889e1	3.774794876372193e-13
1.0138138138138137e0	-5.2204038433939346e1	-8.675927453644501e-13
1.0142142142142143e0	-5.388277651946014e1	2.9446214374933914e-13
1.0146146146146147e0	-5.561889245269903e1	6.113514830840981e-13
1.015015015015015e0	-5.7415523852747754e1	-8.600172700804298e-13
1.0154154154154154e0	-5.9276492762439e1	-9.26882057045309e-13
1.0158158158158157e0	-6.1204534552606404e1	2.659021976246507e-14
1.0162162162162163e0	-6.32040024636635e1	-8.646270598745706e-13
1.0166166166166166e0	-6.527908925921402e1	-6.903478590031809e-13
1.017017017017017e0	-6.743387664657496e1	-4.598623286697747e-13
1.0174174174174175e0	-6.96747666596776e1	-4.912827611309587e-14
1.0178178178178179e0	-7.200559990156935e1	2.4059007662186867e-13
1.0182182182182182e0	-7.443199221797742e1	-2.8799792700789975e-13
1.0186186186186186e0	-7.696169331213243e1	-1.068391718205398e-12
1.019019019019019e0	-7.960114620091241e1	-3.5938786944660763e-13
1.0194194194194195e0	-8.235622270570342e1	4.112372397447892e-13
1.0198198198198198e0	-8.52371233894492e1	-6.572702392146986e-14
1.0202202202202202e0	-8.825173210777933e1	6.693178353392977e-13
1.0206206206206205e0	-9.141039152328646e1	-6.801443122696077e-13
1.021021021021021e0	-9.472351872184251e1	-3.0620999883441367e-13
1.0214214214214214e0	-9.820301365616871e1	1.2634803361492486e-13
1.0218218218218218e0	-1.0186234001350805e2	-1.1242564019096343e-12
1.0222222222222221e0	-1.057159611299823e2	1.1308104522545797e-12
1.0226226226226227e0	-1.097801027914377e2	-1.2584957891847619e-12
1.023023023023023e0	-1.1407285126135052e2	-1.2168650018772586e-13
1.0234234234234234e0	-1.1861442505643026e2	3.53514042764724e-13
1.0238238238238238e0	-1.2342762724825177e2	-2.1628405805912272e-13
1.0242242242242243e0	-1.285375954015339e2	5.371598849929002e-13
1.0246246246246247e0	-1.339736618574654e2	1.0063753482697687e-12
1.025025025025025e0	-1.397681028280988e2	-6.004535650605447e-13
1.0254254254254254e0	-1.459582101267756e2	-3.051142074271988e-13
1.0258258258258257e0	-1.525865284655276e2	-3.2421407419055487e-13
1.0262262262262263e0	-1.59701861177958e2	-1.1567435407195572e-12
1.0266266266266266e0	-1.673605687184633e2	-1.35461772087961e-13
1.027027027027027e0	-1.756277291177273e2	7.161786717026518e-13
1.0274274274274275e0	-1.8458028634549345e2	-8.216725678672105e-14
1.027827827827828e0	-1.9430758319276316e2	-5.17438998451578e-13
1.0282282282282282e0	-2.049156237135149e2	3.588820091839659e-13
1.0286286286286286e0	-2.1653061636302323e2	8.039464172529712e-14
1.029029029029029e0	-2.2930425346258974e2	-2.207569895028184e-13
1.0294294294294295e0	-2.4342012291566348e2	1.710133404362983e-13
1.0298298298298298e0	-2.5910282112437585e2	-5.3304481263168234e-15
1.0302302302302302e0	-2.7663003887023496e2	-3.642604970011602e-14
1.0306306306306305e0	-2.9634918539439786e2	-2.0523865135017683e-13
1.031031031031031e0	-3.1870071393377197e2	-3.714039507709731e-13
1.0314314314314315e0	-3.442517277725421e2	1.8215979286924274e-13
1.0318318318318318e0	-3.7374457541033775e2	-2.41714724561082e-13
1.0322322322322321e0	-4.0817063165279e2	-4.7992475019245507e-14
1.0326326326326327e0	-4.4888425136849287e2	-3.893248066840281e-13
1.033033033033033e0	-4.9778530828317145e2	-1.038385295083368e-12
1.0334334334334334e0	-5.576248760082597e2	-2.9522953404340097e-13
1.0338338338338338e0	-6.325416396869413e2	1.850268420651521e-13
1.0342342342342343e0	-7.290650433557497e2	8.544039013856835e-14
1.0346346346346347e0	-8.581286813402444e2	-6.983155655556339e-13
1.035035035035035e0	-1.0395410563742362e3	8.847577990154547e-13
1.0354354354354354e0	-1.3132815323334967e3	6.437585409502284e-13
1.0358358358358357e0	-1.7739380104764514e3	5.17826035755223e-13
1.0362362362362363e0	-2.712325745964616e3	-7.015642548095676e-13
1.0366366366366366e0	-5.6724266440444e3	-7.671937313051718e-13
1.037037037037037e0	7.386391593612122e4	7.556367936486418e-12
1.0374374374374375e0	4.978403793684953e3	-2.4923350699227045e-13
1.037837837837838e0	2.5922815401983203e3	9.915373594171252e-13
1.0382382382382382e0	1.7596996029428662e3	4.0268711283174867e-13
1.0386386386386386e0	1.3360389723483142e3	4.292809896592344e-14
1.039039039039039e0	1.0794165813123823e3	-5.424569131259185e-13
1.0394394394394395e0	9.073008786820561e2	6.629189121906026e-13
1.0398398398398399e0	7.838422170833655e2	-1.2108081924855983e-13
1.0402402402402402e0	6.909564375205985e2	-4.769476577947942e-13
1.0406406406406405e0	6.185331856511934e2	7.116004819562231e-15
1.0410410410410411e0	5.604774400933187e2	-5.726863168694251e-13
1.0414414414414415e0	5.12896178347968e2	-4.1253694613099434e-13
1.0418418418418418e0	4.731863381166811e2	-1.262313423199339e-13
1.0422422422422422e0	4.3954140568774585e2	3.9998120499116406e-13
1.0426426426426427e0	4.1066838436671316e2	-2.6307366423764535e-13
1.043043043043043e0	3.856174257989356e2	-2.8438192200577137e-13
1.0434434434434434e0	3.6367509062328804e2	8.548685353768763e-13
1.0438438438438438e0	3.442951215820555e2	1.110736680165963e-12
1.0442442442442443e0	3.270520889875933e2	-7.117280350462648e-13
1.0446446446446447e0	3.116099480254468e2	-1.0422284289634884e-12
1.045045045045045e0	2.97699383665145e2	-8.218495480721338e-13
1.0454454454454454e0	2.851024497163394e2	-3.802611482784297e-13
1.0458458458458457e0	2.736405616093844e2	6.4856009881699e-13
1.0462462462462463e0	2.6316612563783355e2	2.0877847782627996e-13
1.0466466466466466e0	2.5355607388212266e2	-7.93342884554978e-13
1.047047047047047e0	2.4470697199077685e2	-3.597965892983716e-13
1.0474474474474476e0	2.365312543980132e2	2.740630808861829e-13
1.047847847847848e0	2.2895429526125994e2	-1.6434675441648086e-13
1.0482482482482482e0	2.2191210092332247e2	-9.638595886300891e-13
1.0486486486486486e0	2.1534948248961317e2	-2.3407756980435065e-13
1.049049049049049e0	2.0921859234386105e2	2.771592459816901e-13
1.0494494494494495e0	2.0347774159811027e2	-1.4168747345841328e-13
1.0498498498498499e0	1.9809044170607703e2	1.3502391496613575e-13
1.0502502502502502e0	1.9302461635133446e2	-8.874200633025651e-13
1.0506506506506508e0	1.882519480409282e2	1.0126643620102424e-12
1.0510510510510511e0	1.8374737088963158e2	7.634906440832416e-13
1.0514514514514515e0	1.7948857390942075e2	7.581562944387203e-13
1.0518518518518518e0	1.7545566602684207e2	1.7188333243682099e-13
1.0522522522522522e0	1.716308434175088e2	2.8669280815969913e-13
1.0526526526526525e0	1.6799811572714893e2	4.066088350516511e-13
1.053053053053053e0	1.645431065353629e2	-4.5124273642841147e-13
1.0534534534534534e0	1.6125282644460242e2	-9.169160767654222e-13
1.0538538538538538e0	1.5811552430123405e2	1.4212254670238775e-14
1.0542542542542543e0	1.5512054022176903e2	-1.4545301148874247e-13
1.0546546546546547e0	1.522581817772051e2	6.832937096087416e-13
1.055055055055055e0	1.495196159984608e2	2.977880758227472e-13
1.0554554554554554e0	1.4689677763149976e2	-6.299941890776681e-13
1.0558558558558557e0	1.443822865749272e2	-3.6662581335139996e-13
1.0562562562562563e0	1.4196937522323833e2	-8.600472107666605e-13
1.0566566566566566e0	1.3965182941696125e2	1.0170426510804227e-13
1.057057057057057e0	1.3742393050302175e2	-1.0103783642004717e-12
1.0574574574574576e0	1.352804071914352e2	8.125199989276273e-13
1.057857857857858e0	1.3321639485222565e2	-1.274625498525432e-13
1.0582582582582583e0	1.3122739155208393e2	-8.191783629649738e-13
1.0586586586586586e0	1.2930923375199507e2	1.2308747088890956e-12
1.059059059059059e0	1.2745805476295878e2	-8.436017202270387e-13
1.0594594594594595e0	1.2567026705878753e2	8.922310392753108e-13
1.0598598598598599e0	1.239425333364261e2	6.839390168298149e-13
1.0602602602602602e0	1.2227173551487125e2	-7.093635313548132e-13
1.0606606606606608e0	1.2065499749799244e2	9.428558241970517e-13
1.0610610610610611e0	1.1908960555164082e2	9.383022704488604e-13
1.0614614614614615e0	1.1757303048945217e2	1.5621694971544277e-13
1.0618618618618618e0	1.1610291000988025e2	-2.2771892928851723e-13
1.0622622622622622e0	1.1467702907027015e2	5.248298360056215e-13
1.0626626626626625e0	1.1329330979337402e2	-2.02403979424093e-13
1.063063063063063e0	1.1194980582583382e2	4.871901319350413e-13
1.0634634634634634e0	1.1064471472800142e2	8.939950967732185e-13
1.0638638638638638e0	1.0937625509175233e2	-3.056589436574436e-13
1.0642642642642643e0	1.0814283562241623e2	-9.00321748060621e-13
1.0646646646646647e0	1.069428994495683e2	-1.0776315281753404e-12
1.065065065065065e0	1.0577506569001187e2	5.721234150447391e-13
1.0654654654654654e0	1.0463794680046098e2	-6.062082128878135e-13
1.0658658658658657e0	1.0353029290285518e2	-6.929197879385186e-13
1.0662662662662663e0	1.0245082544488096e2	5.419225350326459e-13
1.0666666666666667e0	1.0139842499614981e2	6.98358918762104e-13
1.067067067067067e0	1.0037199404382392e2	-5.295976695229079e-13
1.0674674674674676e0	9.937052824056306e1	-1.022555705599403e-12
1.067867867867868e0	9.83930542400898e1	-8.182659983769688e-14
1.0682682682682683e0	9.743861327603983e1	-4.4377297167375175e-13
1.0686686686686686e0	9.650634374226577e1	-1.3367582673998255e-13
1.069069069069069e0	9.559541079472748e1	-6.747071779142655e-13
1.0694694694694695e0	9.470501463630806e1	4.3211429869244305e-13
1.0698698698698699e0	9.383440246186551e1	7.982784710423216e-14
1.0702702702702702e0	9.29828531030599e1	-9.996793980933613e-13
1.0706706706706708e0	9.21496822408155e1	-7.942805520323422e-13
1.0710710710710711e0	9.133423582202016e1	-9.479400861119448e-13
1.0714714714714715e0	9.053589080164738e1	-5.551297414819208e-16
1.0718718718718718e0	8.975405301209894e1	1.1703238742223971e-12
1.0722722722722722e0	8.898816735768412e1	4.57981537786864e-13
1.0726726726726725e0	8.823766625765182e1	-8.832099958270364e-13
1.073073073073073e0	8.750204483078761e1	-3.945298716360677e-13
1.0734734734734734e0	8.678080709005059e1	-1.378938677282852e-13
1.0738738738738738e0	8.607347672076317e1	3.277475863846562e-13
1.0742742742742744e0	8.537960284276403e1	-5.336443220401489e-13
1.0746746746746747e0	8.469875326651004e1	-6.790319755744378e-13
1.075075075075075e0	8.403050532061258e1	-9.773570693244356e-13
1.0754754754754754e0	8.337446078748675e1	6.467229892963705e-13
1.0758758758758757e0	8.273024064728638e1	1.2012388744208324e-12
1.0762762762762763e0	8.209747635083367e1	9.640883123014116e-13
1.0766766766766767e0	8.147581884229022e1	-3.083726859308373e-13
1.077077077077077e0	8.08649225081611e1	-4.754100186881858e-13
1.0774774774774776e0	8.026446278494926e1	-8.106503812297927e-13
1.077877877877878e0	7.967413738881156e1	7.498083022999044e-13
1.0782782782782783e0	7.909363456393422e1	-1.0075528066375182e-13
1.0786786786786786e0	7.852266976725664e1	-3.036535484049206e-13
1.079079079079079e0	7.796096460733895e1	8.546706428610361e-13
1.0794794794794795e0	7.740825229282223e1	-1.526593579252841e-13
1.0798798798798799e0	7.686427586223873e1	-7.065627878966185e-13
1.0802802802802802e0	7.632929892221121e1	-9.648620254370633e-13
1.0806806806806808e0	7.58020616112622e1	-6.920180781179131e-13
1.0810810810810811e0	7.528283906602068e1	-5.352507821935106e-13
1.0814814814814815e0	7.47714177276409e1	-5.604532530569941e-13
1.0818818818818818e0	7.426756312925993e1	-9.918953810885467e-13
1.0822822822822822e0	7.377109398831658e1	-9.181746619264859e-14
1.0826826826826825e0	7.32817935000808e1	-9.953920919968705e-13
1.083083083083083e0	7.279947135093944e1	-4.057952247415222e-13
1.0834834834834834e0	7.232394278256801e1	4.323300070896726e-13
1.0838838838838838e0	7.185502806346312e1	4.534245708821957e-13
1.0842842842842844e0	7.139255331566942e1	1.3372912663177948e-13
1.0846846846846847e0	7.093635048490408e1	-8.233581980151661e-13
1.085085085085085e0	7.048596949522624e1	3.7104401394624987e-13
1.0854854854854854e0	7.004182968408253e1	-5.798810318192276e-13
1.0858858858858857e0	6.960348781833575e1	9.82566703780902e-14
1.0862862862862863e0	6.917079314674092e1	-1.0502913918896389e-12
1.0866866866866867e0	6.874360695055927e1	9.672448711763498e-13
1.087087087087087e0	6.8321791916575e1	-5.728304379438735e-13
1.0874874874874876e0	6.790521066342124e1	4.357707075939203e-13
1.087887887887888e0	6.74937380899467e1	3.1691903478232534e-13
1.0882882882882883e0	6.708725121070206e1	5.16429697738257e-13
1.0886886886886886e0	6.668561478326973e1	1.028085131117753e-13
1.089089089089089e0	6.628872704154854e1	-2.1932848310661039e-13
1.0894894894894895e0	6.589646047672925e1	-3.377358183099202e-13
1.0898898898898899e0	6.550870774395891e1	-8.56329994303503e-13
1.0902902902902902e0	6.512536052921105e1	-7.743939490830197e-13
1.0906906906906908e0	6.474615354124408e1	4.0851354573125394e-13
1.0910910910910911e0	6.437130498075433e1	1.9007339491478913e-13
1.0914914914914915e0	6.400055695718906e1	-6.743052260222289e-13
1.0918918918918918e0	6.363381208346335e1	2.051726067660289e-13
1.0922922922922922e0	6.3271183047562786e1	-6.340587359945193e-13
1.0926926926926925e0	6.291216948763005e1	2.19494641317653e-13
1.093093093093093e0	6.2556864744963846e1	-8.576610041910633e-14
1.0934934934934935e0	6.220522531368475e1	-9.232760742141857e-13
1.0938938938938938e0	6.185697815357438e1	5.316663714181926e-13
1.0942942942942944e0	6.151257440972426e1	-4.82094056521377e-13
1.0946946946946947e0	6.117118090497065e1	-3.399832528898449e-13
1.095095095095095e0	6.0833304378801635e1	-3.6271535829390987e-13
1.0954954954954954e0	6.0498664643709034e1	7.624570929329115e-13
1.0958958958958958e0	6.0167211469031905e1	8.745911609999687e-14
1.0962962962962963e0	5.983908072284889e1	4.3926618707858634e-13
1.0966966966966967e0	5.9513562306630774e1	4.3504721068474074e-13
1.097097097097097e0	5.9191418516944516e1	2.3426042501453934e-14
1.0974974974974976e0	5.8871765587225305e1	9.736516847822328e-13
1.097897897897898e0	5.855515345265181e1	-2.076423837616009e-13
1.0982982982982983e0	5.824131523629713e1	-9.053717325430913e-13
1.0986986986986986e0	5.793018905528509e1	-8.446138100632386e-14
1.099099099099099e0	5.762193083841127e1	1.6498139261730988e-13
1.0994994994994995e0	5.731605299108109e1	-4.302172322812682e-15
1.0998998998999e0	5.701271505151134e1	-1.1177874833917766e-12
1.1003003003003002e0	5.671167149314658e1	-6.650601471864192e-13
1.1007007007007008e0	5.641324219554389e1	4.1880936584191075e-13
1.1011011011011012e0	5.611718595627788e1	-1.6872833175687403e-13
1.1015015015015015e0	5.5824155553221836e1	1.9939861445937862e-13
1.1019019019019018e0	5.553269881912435e1	-6.490446267783788e-13
1.1023023023023022e0	5.524346513012862e1	5.234767405522055e-14
1.1027027027027025e0	5.495640708039434e1	-2.5227356818983756e-13
1.103103103103103e0	5.467147634893969e1	1.2937033283735157e-13
1.1035035035035035e0	5.4388627370397955e1	-4.0370977473537104e-13
1.1039039039039038e0	5.410735562812031e1	-3.243000642663909e-13
1.1043043043043044e0	5.3828534715200995e1	3.3989884550839856e-13
1.1047047047047047e0	5.355216992682118e1	2.691490049954172e-13
1.105105105105105e0	5.327720579716236e1	5.855107348276847e-13
1.1055055055055054e0	5.3003600002315345e1	7.354757834806841e-13
1.1059059059059058e0	5.2732324397555466e1	8.403374697433473e-13
1.1063063063063063e0	5.2463350992083015e1	9.808932100839059e-14
1.1067067067067067e0	5.219560558759812e1	-4.575003105168051e-13
1.107107107107107e0	5.192957103551359e1	-6.199832133640323e-13
1.1075075075075076e0	5.166520811613593e1	-1.1395455085257643e-12
1.107907907907908e0	5.140247950130916e1	4.0681792458198757e-13
1.1083083083083083e0	5.1141353193806985e1	7.778306814849151e-13
1.1087087087087086e0	5.088178619017988e1	-4.4539850215523094e-13
1.109109109109109e0	5.062374655439025e1	7.454116608070639e-13
1.1095095095095096e0	5.036720125394614e1	6.811845056391212e-13
1.10990990990991e0	5.011211757416428e1	-4.128129782909749e-13
1.1103103103103102e0	4.985846301584461e1	-2.2884708266602856e-13
1.1107107107107108e0	4.960620459064045e1	-1.064770273270466e-12
1.1111111111111112e0	4.935531153292194e1	5.278886349263278e-13
1.1115115115115115e0	4.910575276434763e1	2.1846632506165578e-13
1.1119119119119119e0	4.885749935751726e1	7.84047280987696e-13
1.1123123123123122e0	4.861053122524982e1	-2.2543300061658658e-13
1.1127127127127125e0	4.836478572437832e1	-5.363817188357193e-13
1.1131131131131131e0	4.812027688752328e1	-2.6473523155733225e-13
1.1135135135135135e0	4.7876936378147875e1	1.0187781256997087e-12
1.1139139139139138e0	4.7634777037326444e1	8.473857318651776e-13
1.1143143143143144e0	4.7393738512236595e1	-1.4288704048936156e-13
1.1147147147147147e0	4.715380596644683e1	-7.953989016931229e-13
1.115115115115115e0	4.691495202818081e1	7.689752793498544e-13
1.1155155155155154e0	4.6677150990173175e1	1.1371562668894172e-13
1.1159159159159158e0	4.6439852943746054e1	-2.8208245332157177e-13
1.1163163163163163e0	4.6204607898020875e1	6.25616249140134e-13
1.1167167167167167e0	4.59698139557811e1	-1.1371837226794063e-12
1.117117117117117e0	4.5735978742319126e1	-3.044813248364515e-14
1.1175175175175176e0	4.550306632461678e1	-2.425025621886863e-13
1.117917917917918e0	4.527105813554576e1	-3.466701092471168e-13
1.1183183183183183e0	4.5039400708349525e1	-1.1062078493003683e-12
1.1187187187187186e0	4.480913238861712e1	3.0076194339618903e-13
1.119119119119119e0	4.4579696247183e1	5.828441792502782e-13
1.1195195195195196e0	4.435107326174521e1	-6.802947597568062e-13
1.11991991991992e0	4.4123239426084815e1	3.8874776127933845e-13
1.1203203203203203e0	4.389617440289361e1	3.6822231602674744e-13
1.1207207207207208e0	4.366985713496354e1	-9.57436232100796e-13
1.1211211211211212e0	4.3444911957270904e1	3.759661241806646e-13
1.1215215215215215e0	4.322002576200539e1	2.626947031519588e-13
1.1219219219219219e0	4.299582229572768e1	-3.6552988771812743e-13
1.1223223223223222e0	4.2771764534119306e1	6.713015054394813e-13
1.1227227227227228e0	4.254886273013282e1	4.3158860307845093e-13
1.1231231231231231e0	4.232646918104202e1	-3.306269041632706e-13
1.1235235235235235e0	4.2104792068054394e1	-6.906748873725935e-13
1.1239239239239238e0	4.188369546331275e1	2.630137734839565e-13
1.1243243243243244e0	4.166316347598765e1	1.787194555440941e-13
1.1247247247247247e0	4.144317224271941e1	1.041660398909593e-12
1.125125125125125e0	4.122437465647873e1	3.3084882671298243e-13
1.1255255255255254e0	4.100541745360718e1	8.418186874996311e-13
1.1259259259259258e0	4.0786947303426665e1	-7.514874728177742e-14
1.1263263263263263e0	4.05689369212396e1	2.519113503535895e-13
1.1267267267267267e0	4.03513642745642e1	1.124302813689832e-12
1.127127127127127e0	4.0134237289696536e1	1.0182618371441924e-12
1.1275275275275276e0	3.991754226754758e1	5.283031752149295e-13
1.127927927927928e0	3.970122958237508e1	7.115605442871797e-13
1.1283283283283283e0	3.9485277980452544e1	-1.0254364860312238e-13
1.1287287287287286e0	3.926969054042317e1	-3.723434701989778e-14
1.129129129129129e0	3.905444531520014e1	-9.504541739601555e-13
1.1295295295295296e0	3.8839524885032105e1	7.009715280572696e-13
1.12992992992993e0	3.86249082744627e1	-4.761221451143571e-13
1.1303303303303303e0	3.8410594934737986e1	5.611518490546741e-13
1.1307307307307308e0	3.8196539138525246e1	6.157612432637042e-14
1.1311311311311312e0	3.798273821367264e1	8.694625891041391e-13
1.1315315315315315e0	3.7769177146939256e1	2.8366369480574518e-14
1.1319319319319319e0	3.755583330900244e1	-1.7917718798255926e-13
1.1323323323323322e0	3.7342690728023115e1	-7.313637354501358e-14
1.1327327327327328e0	3.712973720596297e1	1.6263474493238844e-13
1.1331331331331331e0	3.691695674708306e1	-9.371862999863992e-13
1.1335335335335335e0	3.670432646931836e1	-1.0468630230106567e-12
1.1339339339339338e0	3.649135619045412e1	1.1374299104937529e-12
1.1343343343343344e0	3.627898112691655e1	3.7145494203745373e-13
1.1347347347347347e0	3.606670966862095e1	-6.558678716077806e-13
1.135135135135135e0	3.585452574574038e1	-8.602887601934476e-14
1.1355355355355354e0	3.5642420067078966e1	2.693138028312368e-13
1.1359359359359358e0	3.543036203056776e1	2.3689510093728762e-14
1.1363363363363364e0	3.5218341667043845e1	-7.525270096620193e-13
1.1367367367367367e0	3.5006344615307725e1	-1.1125741656468173e-12
1.137137137137137e0	3.4794351270352635e1	2.8935336522639643e-13
1.1375375375375376e0	3.458234753059106e1	-9.327308630942436e-14
1.137937937937938e0	3.437086623896854e1	7.499177891991094e-13
1.1383383383383383e0	3.415879451468082e1	-8.129648472630295e-14
1.1387387387387387e0	3.394666286065744e1	5.257903265172396e-13
1.139139139139139e0	3.373725425958962e1	-1.9519203179916612e-13
1.1395395395395396e0	3.3521665533481645e1	9.42028746712076e-14
1.13993993993994e0	3.330925705771021e1	-8.749847813452737e-13
1.1403403403403403e0	3.309672090277583e1	7.098660396135249e-13
1.1407407407407408e0	3.288404595377247e1	9.438049463691498e-13
1.1411411411411412e0	3.267459966999218e1	-5.84396306720826e-13
1.1415415415415415e0	3.246160310054758e1	4.1924985535014727e-13
1.1419419419419419e0	3.224841618374941e1	4.996164573724654e-13
1.1423423423423422e0	3.20350222354845e1	-1.9691279434825413e-13
1.1427427427427428e0	3.1821405314656133e1	6.800145447543811e-15
1.1431431431431431e0	3.1607524780871046e1	2.1119307668767805e-13
1.1435435435435435e0	3.1393444981938263e1	8.54042660618494e-13
1.1439439439439438e0	3.117902489619841e1	-5.211686103935904e-13
1.1443443443443444e0	3.0964380196241258e1	-4.672531545880112e-13
1.1447447447447447e0	3.074939450390136e1	7.133142412856602e-13
1.145145145145145e0	3.0532489704829832e1	-6.567966852543234e-13
1.1455455455455454e0	3.031843695178304e1	4.01111280269194e-13
1.1459459459459458e0	3.010242746987622e1	-5.89336425242759e-13
1.1463463463463464e0	2.988604214724252e1	-1.0660888018995272e-12
1.1467467467467467e0	2.9669263620900708e1	-3.6492474665954806e-13
1.147147147147147e0	2.945045751151292e1	6.85488940027825e-13
1.1475475475475476e0	2.9232835220554563e1	5.118146910234281e-14
1.147947947947948e0	2.9016412653808473e1	1.9474770009995296e-13
1.1483483483483483e0	2.879627800874952e1	-2.8938760062297946e-13
1.1487487487487487e0	2.857728057529701e1	-2.308925045678726e-13
1.149149149149149e0	2.835775277231382e1	-2.0601647185119343e-14
1.1495495495495496e0	2.813772174745357e1	-4.567611845005468e-13
1.14994994994995e0	2.7917153692863796e1	-6.273058666382496e-13
1.1503503503503503e0	2.769603082769787e1	1.5625052845318642e-13
1.1507507507507508e0	2.7474337393109675e1	-3.618991869601943e-13
1.1511511511511512e0	2.7252047805527592e1	-2.3765787591548356e-14
1.1515515515515515e0	2.70291175694452e1	-1.0697032491370389e-13
1.1519519519519519e0	2.6805644667657592e1	-7.373569038684795e-13
1.1523523523523522e0	2.6581462436620928e1	-6.958135823587981e-13
1.1527527527527528e0	2.635660981669017e1	-4.637276680839304e-13
1.1531531531531531e0	2.6131069498058284e1	-7.738971155962268e-14
1.1535535535535535e0	2.5904817155814094e1	-7.688594255331527e-13
1.1539539539539538e0	2.5677834370319232e1	3.4968655311411597e-13
1.1543543543543544e0	2.545010191393412e1	-7.130010974974453e-13
1.1547547547547548e0	2.5221596489410427e1	-2.4458280410033965e-13
1.155155155155155e0	2.4992300060364293e1	-1.9816146671557508e-13
1.1555555555555554e0	2.476218924017016e1	-4.700904907218695e-13
1.1559559559559558e0	2.4531250770342716e1	-1.0488304193943233e-12
1.1563563563563564e0	2.42994420724353e1	5.397154846234387e-13
1.1567567567567567e0	2.406676324921987e1	-1.2902905538555382e-13
1.157157157157157e0	2.3833180504028395e1	-4.7607868078110076e-14
1.1575575575575576e0	2.3597663955466977e1	6.275411993498961e-13
1.157957957957958e0	2.3362202844876407e1	-4.227739268382852e-13
1.1583583583583583e0	2.3125776281109086e1	-1.2809227816916699e-13
1.1587587587587587e0	2.288836434756723e1	-8.997684148066794e-14
1.159159159159159e0	2.2649927567847783e1	-5.167891503701283e-13
1.1595595595595596e0	2.2410448726532582e1	-9.285162318054506e-13
1.15995995995996e0	2.2169903279330754e1	6.02179313352244e-13
1.1603603603603603e0	2.1928267507338894e1	-4.4452728755838174e-13
1.1607607607607608e0	2.1685516946081307e1	-1.2403298168532513e-14
1.1611611611611612e0	2.144162256330308e1	3.80141122412318e-13
1.1615615615615615e0	2.1196560424827503e1	-7.113143410113829e-13
1.1619619619619619e0	2.095032085531679e1	-6.751313781562036e-13
1.1623623623623622e0	2.0702843474912214e1	-1.6505230730400017e-13
1.1627627627627628e0	2.0454116826525947e1	2.1800309575863058e-13
1.1631631631631631e0	2.020409994248813e1	-6.635918882654768e-13
1.1635635635635635e0	1.9952809392452238e1	9.228918349548127e-13
1.1639639639639638e0	1.970016600058506e1	2.48239348701476e-13
1.1643643643643644e0	1.9446165026850043e1	3.403290201566442e-13
1.1647647647647648e0	1.9190766495766436e1	-3.0940577544183943e-13
1.165165165165165e0	1.8933952380929664e1	5.6326559237495e-14
1.1655655655655655e0	1.867568047168887e1	-4.881241725297512e-13
1.1659659659659658e0	1.8415923828853245e1	9.17572930956754e-13
1.1663663663663664e0	1.815465146734769e1	-2.3488189626418804e-13
1.1667667667667667e0	1.78918311355188e1	7.106374032707787e-13
1.167167167167167e0	1.7627427814179224e1	1.1997363828848412e-13
1.1675675675675676e0	1.736141892545079e1	8.678694192555927e-13
1.167967967967968e0	1.7093751042709453e1	-7.941504817884578e-13
1.1683683683683683e0	1.6824401147023426e1	-9.260589866695276e-13
1.1687687687687687e0	1.6553328481131956e1	-3.9819584239563375e-13
1.169169169169169e0	1.6280493981625334e1	9.101549513036376e-13
1.1695695695695696e0	1.6005879199347792e1	-4.77920322510924e-13
1.16996996996997e0	1.5729426308040464e1	-1.180376519564666e-13
1.1703703703703703e0	1.545110841467629e1	3.8584106807582247e-13
1.1707707707707709e0	1.5170877790993574e1	1.0783485672209687e-12
1.1711711711711712e0	1.4888849091453247e1	4.786800606389425e-13
1.1715715715715715e0	1.4604681458385357e1	-8.669288671483517e-14
1.171971971971972e0	1.4318482024240257e1	-2.6932820467726813e-13
1.1723723723723722e0	1.4030208493491472e1	-3.927955103301651e-13
1.1727727727727728e0	1.3739819644274311e1	-1.141778589849336e-13
1.1731731731731732e0	1.3447151789403794e1	-5.698744611218961e-13
1.1735735735735735e0	1.3152392119046532e1	7.696175932075135e-13
1.173973973973974e0	1.2855379653189702e1	8.988684378206174e-13
1.1743743743743744e0	1.2556065365243324e1	-1.0104077352962225e-12
1.1747747747747748e0	1.2254402337234866e1	-5.027526852699644e-13
1.1751751751751751e0	1.1950477295274567e1	8.864789469894145e-14
1.1755755755755755e0	1.1643833916946226e1	2.469848715287506e-13
1.1759759759759758e0	1.1334877115392342e1	-1.0565165826691276e-12
1.1763763763763764e0	1.102331242556337e1	-6.700078104054553e-13
1.1767767767767767e0	1.0709138563928885e1	-5.296382326974643e-13
1.177177177177177e0	1.0392410436499038e1	6.054144441076606e-13
1.1775775775775776e0	1.0072746872580517e1	6.368068641739282e-13
1.177977977977978e0	9.750409942628245e0	4.66732750822905e-13
1.1783783783783783e0	9.425235538604849e0	6.12490333101437e-13
1.1787787787787787e0	9.097271803873788e0	-6.177092342649226e-14
1.179179179179179e0	8.76623748291982e0	-2.2017898442792895e-13
1.1795795795795796e0	8.432175999710418e0	7.754832196336869e-13
1.17997997997998e0	8.095024386763122e0	-3.431795771101879e-13
1.1803803803803803e0	7.754734756734617e0	-7.278676122993384e-13
1.1807807807807809e0	7.4111983216683495e0	1.1486517649739983e-13
1.1811811811811812e0	7.064365877361892e0	5.470148110548727e-14
1.1815815815815816e0	6.7141609124581025e0	1.1954259409574576e-12
1.181981981981982e0	6.360510667567659e0	6.724973344060739e-13
1.1823823823823822e0	6.003339695430284e0	-3.356430252286855e-13
1.1827827827827828e0	5.642570016622486e0	-7.465903947158283e-13
1.1831831831831832e0	5.27812143273998e0	-4.395130634889537e-13
1.1835835835835835e0	4.909915093797176e0	5.519628312504804e-13
1.183983983983984e0	4.537856781468322e0	6.606098649285177e-13
1.1843843843843844e0	4.161861395447438e0	-5.97285938435824e-13
1.1847847847847848e0	3.7818510816990374e0	-8.614901872868071e-13
1.1851851851851851e0	3.397720482290278e0	-3.970247727955611e-13
1.1855855855855855e0	3.009290771999273e0	-1.5092127372928776e-13
1.1859859859859858e0	2.61664451898739e0	-1.5635827526248943e-13
1.1863863863863864e0	2.224174605206687e0	5.859102394435262e-13
1.1867867867867867e0	1.8226322840635092e0	1.569628781704264e-13
1.187187187187187e0	1.4122010328315306e0	3.9310132645737594e-13
1.1875875875875876e0	1.005602087387033e0	-3.2037881606222136e-13
1.187987987987988e0	5.855737528288871e-1	7.534749575931698e-13
1.1883883883883883e0	1.6488507945151118e-1	6.849474817602883e-13
1.1887887887887887e0	-2.608796860642391e-1	6.256041100601903e-13
1.189189189189189e0	-6.918224735396142e-1	7.214884832869888e-13
1.1895895895895896e0	-1.1280915604158472e0	-6.34614163859335e-14
1.18998998998999e0	-1.5698093611632982e0	-5.773840128223182e-14
1.1903903903903903e0	-2.017107970106507e0	3.388522163164545e-13
1.1907907907907909e0	-2.4703172328954617e0	-8.043349191520484e-14
1.1911911911911912e0	-2.929189262046351e0	1.372167406138042e-13
1.1915915915915916e0	-3.389252060672728e0	-1.9075833469770006e-13
1.191991991991992e0	-3.86027946402817e0	-2.3796070862161013e-14
1.1923923923923923e0	-4.337624181281228e0	3.2747245164774876e-15
1.1927927927927928e0	-4.821446748570726e0	-4.5711919895193294e-14
1.1931931931931932e0	-5.311913598302428e0	-8.925218459590446e-14
1.1935935935935935e0	-5.809199966070706e0	8.046442329444623e-13
1.193993993993994e0	-6.3134828256760045e0	-1.8392712503684984e-13
1.1943943943943944e0	-6.824928378659444e0	5.609316262603493e-13
1.1947947947947948e0	-7.343761640521899e0	6.638814362919495e-13
1.1951951951951951e0	-7.870161404212373e0	-8.761795799457507e-13
1.1955955955955955e0	-8.40433288741247e0	-3.9847131242302936e-13
1.1959959959959958e0	-8.946482396243722e0	-4.3705246050415465e-13
1.1963963963963964e0	-9.496836462340069e0	-1.0172726143994432e-12
1.1967967967967967e0	-1.0055617151525656e1	-5.628538378675912e-13
1.197197197197197e0	-1.0623034666245387e1	7.71037269671665e-13
1.1975975975975977e0	-1.119940284050278e1	8.60907315461904e-13
1.197997997997998e0	-1.1784901196324846e1	-3.123215436389356e-13
1.1983983983983983e0	-1.2379816223008408e1	-5.344044851780027e-13
1.1987987987987987e0	-1.2984418472454768e1	2.379730157201558e-13
1.199199199199199e0	-1.3598988844105202e1	9.952429084637174e-13
1.1995995995995996e0	-1.422380906349738e1	5.120474666891087e-13
1.2e0	-1.485919989517515e1	-8.179732362587167e-13