distance	scattering length real	scattering length imag
1.013879765808022e2	-5.973762920683377e0	9.80680945187449e-13
1.1026914288052437e2	-8.079815015660333e0	-1.0985919718846777e-12
1.227027757001354e2	-1.0010930314132814e1	1.0358124492684165e-12
1.2980770873991315e2	-1.0887283272518095e1	1.0434912770686852e-12
1.4046510829957975e2	-1.1890397574980316e1	-2.8628677075246526e-13
1.5467497437913522e2	-1.2725278084663284e1	2.9273823326476455e-13
1.6177990741891296e2	-1.3093002889728716e1	-2.843421766512224e-13
1.7598977349846842e2	-1.365611279437315e1	-7.011219414529335e-13
1.8309470653824616e2	-1.3873126407425074e1	-6.721364416955188e-13
1.901996395780239e2	-1.4057639916604154e1	-2.295457188477821e-13
2.0440950565757936e2	-1.4351240584313395e1	-9.719541690203248e-13
2.115144386973571e2	-1.4468651506286328e1	-4.799896878948837e-13
2.2572430477691256e2	-1.4659777352909707e1	-2.1262696203269706e-13
2.328292378166903e2	-1.4737899570868581e1	-2.4077460983982863e-13
2.3993417085646803e2	-1.4806686261186549e1	-8.329975487765941e-13
2.541440369360235e2	-1.492142422386749e1	-1.3463547050165128e-13
2.6124896997580123e2	-1.4969437581942675e1	-6.303487323375609e-13
2.754588360553567e2	-1.5050727990674805e1	-1.0074467161428992e-12
2.8256376909513443e2	-1.508523785503754e1	-1.1723357961998511e-12
2.8966870213491217e2	-1.511632831056418e1	1.4059425367997676e-13
3.0387856821446763e2	-1.5169843022178975e1	-1.2988163396076065e-12
3.1098350125424537e2	-1.5192927114904771e1	9.959559141207142e-13
3.180884342940231e2	-1.5213928480503787e1	6.437807252299172e-13
3.3229830037357857e2	-1.5250571066161717e1	4.234949410286951e-13
3.394032334133563e2	-1.5266586596990704e1	4.922472972410076e-13
3.536130994929118e2	-1.5294773704672973e1	-1.1313598850366243e-12
3.607180325326895e2	-1.530719797119697e1	-8.420719421744447e-13
3.6782296557246724e2	-1.531865336476088e1	2.9584694006766126e-13
3.820328316520227e2	-1.5339017383707489e1	-8.929150003313265e-13
3.8913776469180044e2	-1.534808126291085e1	-1.0776389280257748e-12
4.033476307713559e2	-1.5364299608409103e1	2.731931677487683e-13
4.1045256381113364e2	-1.5371564452033255e1	-6.245409017654528e-13
4.175574968509114e2	-1.5378330571125069e1	7.962353101094834e-13
4.3176736293046685e2	-1.539053065691979e1	3.7296240820917923e-13
4.388722959702446e2	-1.5396036656936602e1	-5.439108848977605e-13
4.5308216204980005e2	-1.5406015311473038e1	-5.415447206017624e-13
4.601870950895778e2	-1.5410541258237995e1	-1.0347912278626927e-12
4.672920281293555e2	-1.5414789746415313e1	4.46441891530547e-13
4.81501894208911e2	-1.5422536208494611e1	6.013910000554389e-13
4.886068272486887e2	-1.5426070639276485e1	3.258039100821488e-13
5.028166933282442e2	-1.5432541476082564e1	3.205077948369982e-14
5.099216263680219e2	-1.5435505718141902e1	3.7674064123908955e-13
5.170265594077997e2	-1.5438305813548928e1	-7.939680300083663e-13
5.312364254873552e2	-1.5443457472065786e1	-7.958953099811659e-13
5.383413585271329e2	-1.5445828810721496e1	-4.3313828692484945e-13
5.525512246066884e2	-1.5450206234129391e1	1.0469412466691361e-13
5.596561576464661e2	-1.5452227809399085e1	-4.501177757869315e-13
5.667610906862438e2	-1.5454147312922668e1	2.092355936269755e-13
5.809709567657993e2	-1.5457705074689613e1	-9.421465087672944e-14
5.88075889805577e2	-1.5459354684000147e1	6.424155147553908e-13
6.022857558851325e2	-1.5462420728591239e1	3.8861310049366936e-14
6.093906889249103e2	-1.5463846245366893e1	7.466429988887238e-13
6.16495621964688e2	-1.5465205621025186e1	6.954512634500727e-13
6.307054880442435e2	-1.5467740855398766e1	3.677721142485144e-13
6.378104210840212e2	-1.5468923542986582e1	-6.366440852979158e-16
6.520202871635767e2	-1.547113445868617e1	2.080421032183575e-13
6.591252202033544e2	-1.5472168248490501e1	-7.15397132390319e-13
6.662301532431321e2	-1.5473157669722815e1	-2.1233728243863835e-13
6.804400193226876e2	-1.547501267593825e1	-1.3524835732546973e-12
6.875449523624653e2	-1.5475882535440684e1	3.292907092665209e-13
6.946498854022431e2	-1.5476716596066385e1	6.98632750080572e-13
7.088597514817985e2	-1.5478284500266593e1	8.683304915360845e-13
7.159646845215763e2	-1.547902166567556e1	3.676055811256893e-13
7.301745506011317e2	-1.5480410001034434e1	-1.9512534086558024e-13
7.372794836409095e2	-1.5481063939025274e1	3.959301715105511e-13
7.443844166806872e2	-1.5481692770167774e1	-1.1770022596526804e-12
7.585942827602427e2	-1.5482879816389978e1	-6.732034163516155e-13
7.656992158000204e2	-1.548344021996427e1	-8.150432085528995e-13
7.799090818795759e2	-1.5484499811279226e1	2.7911552279295653e-13
7.870140149193536e2	-1.5485000844778156e1	-6.585935623034473e-13
7.941189479591313e2	-1.5485483851089937e1	2.294486104511875e-13
8.083288140386868e2	-1.5486398953189253e1	-1.4844909457647492e-13
8.154337470784645e2	-1.5486832530382285e1	-1.6606349255536013e-13
8.2964361315802e2	-1.548765515563013e1	-2.7909297146953486e-13
8.367485461977977e2	-1.5488045466436695e1	-6.048205559968523e-13
8.438534792375755e2	-1.548842256448153e1	8.308396151643328e-13
8.580633453171309e2	-1.548913931164856e1	-6.766936836042384e-13
8.651682783569087e2	-1.5489479987946108e1	-2.2203786521987647e-13
8.793781444364641e2	-1.5490128326680253e1	-7.05129296411515e-13
8.864830774762419e2	-1.5490436872923356e1	-3.4632224018933993e-13
8.935880105160196e2	-1.5490735557510948e1	-6.281335258962724e-13
9.077978765955751e2	-1.5491304886160224e1	-9.627238207666994e-13
9.149028096353528e2	-1.5491576257458284e1	3.8700154224972737e-13
9.291126757149083e2	-1.5492094107101213e1	3.549767834440326e-13
9.36217608754686e2	-1.5492341216077095e1	-6.502478007307698e-13
9.433225417944637e2	-1.5492580844821394e1	-3.412516390044519e-13
9.575324078740192e2	-1.549303877230116e1	8.366648222691121e-13
9.64637340913797e2	-1.5493257595312166e1	-1.7157644883365904e-13
9.788472069933524e2	-1.54936761862465e1	-1.1039200303696975e-12
9.859521400331301e2	-1.5493876412519471e1	-4.708702935267462e-13
9.930570730729079e2	-1.54940708821908e1	-1.3464935707001076e-14
1.0072669391524634e3	-1.5494443363585612e1	2.0262629222621068e-13
1.0143718721922411e3	-1.5494621760613759e1	-5.486224042814052e-13
1.0285817382717967e3	-1.5494963768984356e1	-8.485095249830256e-13
1.0356866713115744e3	-1.5495127719268286e1	3.5634374689505985e-13
1.0427916043513521e3	-1.5495287180820458e1	3.6399388429873825e-13
1.0570014704309076e3	-1.5495593242896028e1	-1.2858892171702022e-12
1.0641064034706853e3	-1.5495740129829453e1	-8.103282270732196e-13
1.071211336510463e3	-1.5495883102120345e1	-3.101931221356975e-13
1.0854212025900185e3	-1.5496157816932454e1	1.1571136391152876e-12
1.0925261356297963e3	-1.5496289802866329e1	-8.483360526100511e-13
1.1067360017093517e3	-1.5496543607045057e1	5.116606181125145e-13
1.1138409347491295e3	-1.5496665641347194e1	-2.819101652154949e-14
1.1209458677889072e3	-1.549678456842711e1	-3.3883343247375686e-13
1.1351557338684627e3	-1.5497013488986726e1	-6.714929785705473e-13
1.1422606669082404e3	-1.5497123668207372e1	6.616050458868955e-13
1.1564705329877959e3	-1.5497335902795339e1	-6.31334094063943e-13
1.1635754660275736e3	-1.5497438123413732e1	-7.458224768512993e-13
1.1706803990673513e3	-1.5497537851878482e1	-4.596310102324932e-13
1.1848902651469068e3	-1.5497730131350194e1	-6.380110507480601e-13
1.1919951981866845e3	-1.5497822825641922e1	-2.3039403592263044e-13
1.20620506426624e3	-1.5498001660003654e1	1.0905765259622609e-12
1.2133099973060177e3	-1.5498087928817984e1	7.658065092981982e-13
1.2204149303457955e3	-1.5498172179891604e1	-1.8143489129922198e-13
1.234624796425351e3	-1.5498334862265846e1	7.162228636742267e-13
1.2417297294651287e3	-1.5498413404606618e1	-4.270632824911343e-13
1.2559395955446842e3	-1.549856515546561e1	1.230613939129269e-13
1.263044528584462e3	-1.549863846426718e1	-6.60711662610521e-13
1.2701494616242396e3	-1.5498710125970558e1	1.4680977963104018e-13
1.284359327703795e3	-1.5498848690136924e1	1.1203721632545206e-13
1.2914642607435728e3	-1.5498915680314125e1	2.2459485016286913e-13
1.3056741268231283e3	-1.549904528394759e1	-2.8281222231098e-14
1.312779059862906e3	-1.5499107976369036e1	3.3159269027256723e-13
1.3198839929026838e3	-1.5499169313581644e1	6.092458403384525e-13
1.3340938589822392e3	-1.5499288066189983e1	1.3464762242638575e-13
1.341198792022017e3	-1.5499345550365568e1	-1.1978102888444137e-13
1.3554086581015724e3	-1.549945690136344e1	-3.466813286333877e-13
1.3625135911413502e3	-1.5499510830362969e1	-5.260345499218824e-13
1.369618524181128e3	-1.5499563635862716e1	-1.1493056421930231e-12
1.3838283902606834e3	-1.5499665992060145e1	3.4261339843650867e-13
1.390933323300461e3	-1.5499715598073658e1	-7.591729209117164e-13
1.4051431893800166e3	-1.549981179765876e1	-3.4897463514294605e-13
1.4122481224197943e3	-1.549985844232522e1	-6.283347546642635e-14
1.419353055459572e3	-1.54999041490837e1	1.2089472236420635e-13
1.4335629215391275e3	-1.5499992842253157e1	9.715674499607862e-14
1.4406678545789052e3	-1.5500035873010747e1	-5.03779762488741e-13
1.447772787618683e3	-1.5500078055725037e1	2.264076378539905e-13
1.4619826536982384e3	-1.5500159959059824e1	-4.554104243636439e-13
1.4690875867380162e3	-1.550019971943868e1	8.489206553310499e-13
1.4832974528175716e3	-1.5500276953323324e1	-7.174111504839837e-13
1.4904023858573494e3	-1.550031446337295e1	-6.069161046981671e-13
1.497507318897127e3	-1.5500351258366573e1	-4.3438902640721317e-13
1.5117171849766826e3	-1.550042277097755e1	-3.4307136587564073e-13
1.5188221180164603e3	-1.55004575207134e1	5.267787470193603e-13
1.5330319840960158e3	-1.5500525086907341e1	2.4896773693819452e-14
1.5401369171357935e3	-1.5500557932524261e1	-5.567842859457559e-13
1.5472418501755712e3	-1.5500590172132046e1	4.1149239068992284e-13
1.5614517162551267e3	-1.550065289025654e1	-1.2989742488589775e-12
1.5685566492949044e3	-1.5500683394692715e1	6.605017610379591e-13
1.58276651537446e3	-1.5500742758114162e1	3.978262268757922e-13
1.5898714484142376e3	-1.5500771641547473e1	2.6366085798716318e-14
1.5969763814540154e3	-1.5500800008900372e1	-8.494115825748729e-13
1.6111862475335708e3	-1.550085524164332e1	-8.327842431248772e-13
1.6182911805733486e3	-1.5500882128084095e1	-8.965648784701805e-13
1.632501046652904e3	-1.550093449603494e1	1.2643144427122688e-12
1.6396059796926818e3	-1.5500959996975075e1	3.696629659507813e-13
1.6467109127324595e3	-1.550098505641378e1	-3.9526577273604365e-13
1.660920778812015e3	-1.5501033886869466e1	-3.283955921079887e-13
1.6680257118517927e3	-1.5501057676902192e1	2.3146262663027596e-13
1.6822355779313482e3	-1.550110404824403e1	-3.2941387570592517e-13
1.689340510971126e3	-1.5501126647527464e1	-9.718849047697937e-13
1.6964454440109037e3	-1.5501148867294292e1	-1.1126647802247999e-12
1.7106553100904591e3	-1.5501192196585983e1	2.0141025013548217e-13
1.7177602431302369e3	-1.5501213322239128e1	4.517258684458746e-13
1.7319701092097923e3	-1.550125453118728e1	-4.2129358716684474e-13
1.73907504224957e3	-1.5501274629841472e1	3.3265781152706325e-13
1.7461799752893478e3	-1.550129439946111e1	1.3312800332742286e-13
1.7603898413689033e3	-1.5501332980722024e1	3.3279485480704437e-13
1.767494774408681e3	-1.5501351805421317e1	-8.444710857307381e-13
1.7817046404882365e3	-1.550138855039514e1	-4.766330505015692e-14
1.7888095735280142e3	-1.5501406483468797e1	-1.4030629552226512e-13
1.795914506567792e3	-1.5501424132800704e1	2.3557912914718697e-13
1.8101243726473474e3	-1.550145859768728e1	5.808726778342788e-14
1.8172293056871251e3	-1.5501475424055284e1	2.8777353598959664e-14
1.8243342387269029e3	-1.5501491987667295e1	1.2089454891395435e-12
1.8385441048064583e3	-1.5501524345065086e1	3.931199178929426e-13
1.845649037846236e3	-1.5501540149367449e1	1.7479956811266067e-13
1.8598589039257915e3	-1.5501571031166256e1	9.411299646811156e-13
1.8669638369655693e3	-1.5501586118518025e1	6.345745607396299e-13
1.874068770005347e3	-1.5501600975651282e1	-3.3601970865674934e-13
1.8882786360849025e3	-1.5501630019407528e1	-5.802846060590821e-13
1.8953835691246802e3	-1.5501644213957183e1	6.458693554443973e-13
1.9095934352042357e3	-1.5501671966615012e1	3.7778841804353636e-13
1.9166983682440134e3	-1.5501685534224091e1	5.524318609066195e-13
1.9238033012837911e3	-1.550169890065957e1	-1.1665488093218483e-12
1.9380131673633466e3	-1.550172504346441e1	-2.148283482909331e-13
1.9451181004031243e3	-1.5501737827731132e1	1.7726114294083692e-13
1.9593279664826798e3	-1.5501762837404268e1	4.7810756680170775e-14
1.9664328995224575e3	-1.5501775070526158e1	5.343317399007207e-13
1.9735378325622353e3	-1.5501787126443705e1	9.866630274144862e-13
1.9877476986417907e3	-1.5501810719590075e1	-3.9076416130891655e-14
1.9948526316815685e3	-1.5501822263351086e1	-2.866112702279392e-14
2.009062497761124e3	-1.5501844862330305e1	7.371280353584683e-13
2.0161674308009017e3	-1.5501855921437928e1	-2.1340934321582807e-13
2.0232723638406794e3	-1.5501866824902248e1	6.363890831465519e-13
2.0374822299202349e3	-1.550188817448517e1	-4.2232748331846083e-13
2.0445871629600126e3	-1.5501898626037956e1	7.076585264738521e-13
2.0587970290395683e3	-1.5501919092966503e1	-5.156730374365375e-13
2.065901962079346e3	-1.5501929114597578e1	-9.971026026894917e-13
2.073006895119124e3	-1.5501938998837073e1	4.2274208260424043e-13
2.0872167611986793e3	-1.5501958361682139e1	4.847290122699789e-13
2.094321694238457e3	-1.550196784539145e1	-1.1842707603126915e-12
2.1085315603180125e3	-1.550198642964121e1	-1.191704057088939e-13
2.11563649335779e3	-1.5501995533611227e1	3.777016818059719e-14
2.122741426397568e3	-1.5502004515185718e1	5.647570822986279e-13
2.1369512924771234e3	-1.5502022117859928e1	9.266797051912055e-13
2.144056225516901e3	-1.5502030745416588e1	2.9268801203145696e-13
2.1582660915964566e3	-1.5502047657085178e1	6.574399714561458e-13
2.1653710246362343e3	-1.550205594524151e1	1.1526484576669566e-12
2.172475957676012e3	-1.55020641239518e1	2.387172467524681e-13
2.1866858237555675e3	-1.550208016359101e1	5.787910078344688e-13
2.1937907567953453e3	-1.5502088026869641e1	-6.786591280839421e-14
2.2080006228749007e3	-1.550210344964766e1	-7.92498723763956e-13
2.2151055559146785e3	-1.5502111011383034e1	-2.6323238094452235e-13
2.222210488954456e3	-1.5502118475300435e1	9.278020722990258e-13
2.2364203550340117e3	-1.5502133119887592e1	1.3257462605428739e-13
2.2435252880737894e3	-1.5502140302363948e1	6.630240513500107e-13
2.250630221113567e3	-1.5502147393266206e1	7.440062201470403e-14
2.2648400871931226e3	-1.5502161307095774e1	-7.472553601383024e-13
2.2719450202329003e3	-1.5502168132730512e1	5.2087374310557e-13
2.286154886312456e3	-1.5502181532411186e1	-2.0599859787547088e-14
2.2932598193522335e3	-1.5502188106925825e1	-9.420268175914008e-13
2.3003647523920113e3	-1.5502194597742859e1	1.46978048018707e-13
2.3145746184715667e3	-1.5502207339723123e1	-8.235745880459404e-13
2.3216795515113445e3	-1.5502213594027545e1	3.4830156192662336e-13
2.3358894175909e3	-1.5502225873719963e1	-7.359397487422232e-14
2.3429943506306777e3	-1.5502231901429399e1	9.969464774713634e-15
2.3500992836704554e3	-1.550223785736058e1	-7.187833181495471e-13
2.364309149750011e3	-1.5502249551692005e1	3.0067468609889084e-13
2.3714140827897886e3	-1.5502255294433454e1	-6.149079830698322e-13
2.385623948869344e3	-1.5502266572667802e1	4.593725364542419e-13
2.392728881909122e3	-1.5502272110147345e1	7.684450264474823e-13
2.3998338149488995e3	-1.5502277581108048e1	1.1571327219114272e-12
2.414043681028455e3	-1.5502288332039827e1	1.165950329264566e-12
2.4211486140682327e3	-1.5502293612042562e1	8.45865804750886e-13
2.435358480147788e3	-1.550230398638042e1	-4.601323460214616e-13
2.442463413187566e3	-1.5502309082285462e1	6.222770950213543e-13
2.4495683462273437e3	-1.5502314118457573e1	1.031356483270513e-12
2.463778212306899e3	-1.5502324015809446e1	-3.663704578932407e-13
2.470883145346677e3	-1.5502328878096876e1	8.344235584249984e-13
2.4850930114262324e3	-1.5502338437561102e1	6.894994248459358e-13
2.49219794446601e3	-1.5502343135393968e1	5.874004481996936e-13
2.499302877505788e3	-1.5502347779179274e1	-3.037937217148388e-13
2.5135127435853433e3	-1.5502356907018314e1	1.0250923911750524e-12
2.520617676625121e3	-1.5502361393841147e1	-5.833082318438981e-13
2.5348275427046765e3	-1.550237021508264e1	4.927989531549132e-13
2.541932475744454e3	-1.5502374552237619e1	-7.133137301262773e-13
2.549037408784232e3	-1.5502378841711998e1	2.836674418624096e-13
2.5632472748637874e3	-1.5502387274986326e1	2.641882144471178e-13
2.570352207903565e3	-1.55023914217055e1	2.4298987452219635e-13
2.5845620739831206e3	-1.5502399576081508e1	-1.7158512264061997e-13
2.5916670070228984e3	-1.5502403587701686e1	5.942040397902388e-13
2.598771940062676e3	-1.5502407552876708e1	4.579361841329468e-13
2.6129818061422316e3	-1.5502415357145901e1	-8.728789430045406e-14
2.6200867391820093e3	-1.5502419193420133e1	-3.9573414856114986e-13
2.627191672221787e3	-1.550242298817431e1	4.683844330183025e-13
2.6414015383013425e3	-1.550243045505493e1	-6.082466389487217e-13
2.6485064713411202e3	-1.550243412873395e1	-5.134161601970628e-13
2.6627163374206757e3	-1.5502441359643772e1	-4.916453610108402e-13
2.6698212704604534e3	-1.5502444914709777e1	-1.2992223148087976e-13
2.676926203500231e3	-1.5502448432607233e1	-3.3205759671029016e-13
2.6911360695797866e3	-1.5502455357152904e1	-1.2631747285873122e-13
2.6982410026195644e3	-1.550245876518133e1	1.7473538330498794e-13
2.71245086869912e3	-1.5502465471782958e1	-6.592215340987274e-13
2.7195558017388976e3	-1.5502468773689069e1	-9.224070774784801e-13
2.7266607347786753e3	-1.5502472041587762e1	-2.9569082108166795e-13
2.740870600858231e3	-1.550247847119809e1	-6.374750210634616e-13
2.7479755338980085e3	-1.5502481637908078e1	6.077279561669251e-13
2.762185399977564e3	-1.5502487873069013e1	-7.153156028258101e-13
2.7692903330173417e3	-1.5502490942125906e1	-3.1919634530389695e-13
2.7763952660571194e3	-1.5502493980679036e1	3.4655816327796724e-13
2.790605132136675e3	-1.5502499960197886e1	4.5323160984346187e-14
2.7977100651764526e3	-1.5502502904835127e1	-1.2234529947473002e-12
2.811919931256008e3	-1.5502508704011936e1	-1.1803034442323431e-12
2.819024864295786e3	-1.5502511559945154e1	-8.574954014056055e-13
2.8261297973355636e3	-1.5502514387242856e1	-1.2623715509048408e-12
2.840339663415119e3	-1.5502519956312213e1	9.735970785361281e-14
2.847444596454897e3	-1.5502522700061968e1	-7.425421122500322e-13
2.8616544625344523e3	-1.5502528100724284e1	-9.232744400022293e-13
2.86875939557423e3	-1.5502530761716768e1	2.084063962321286e-13
2.8758643286140077e3	-1.550253339451336e1	-3.6995093037398477e-13
2.890074194693563e3	-1.5502538583141256e1	-3.759773651451463e-13
2.897179127733341e3	-1.5502541138842602e1	-5.0081511755054945e-14
2.9113889938128964e3	-1.5502546176089542e1	-1.8376115766289656e-13
2.918493926852674e3	-1.5502548657599798e1	1.1052557697816593e-12
2.925598859892452e3	-1.550255111720039e1	-1.0732917262904708e-13
2.9398087259720073e3	-1.5502555963755505e1	4.5177791026722847e-13
2.946913659011785e3	-1.5502558350175226e1	3.016773571797786e-13
2.9611235250913405e3	-1.550256305251569e1	7.01534947155454e-13
2.9682284581311183e3	-1.5502565372977916e1	-1.2435029467085868e-13
2.975333391170896e3	-1.5502567670258031e1	4.903096227412292e-13
2.9895432572504515e3	-1.5502572196231343e1	5.976145092203083e-13
2.996648190290229e3	-1.5502574426818375e1	4.947435799306128e-14
3.003753123330007e3	-1.550257663581297e1	3.243987856864939e-13
3.0179629894095624e3	-1.5502580994599876e1	-6.119884408594459e-13
3.02506792244934e3	-1.5502583141804388e1	-3.748168340987928e-13
3.0392777885288956e3	-1.550258737579159e1	8.400857009636645e-13
3.0463827215686733e3	-1.5502589464124132e1	2.1708349085773077e-13
3.053487654608451e3	-1.5502591531626802e1	9.54971335845309e-13
3.0676975206880065e3	-1.550259561072609e1	-6.903511748585911e-14
3.0748024537277843e3	-1.5502597622080396e1	4.3310532999455954e-13
3.0890123198073397e3	-1.5502601586969297e1	7.562915428828479e-13
3.0961172528471175e3	-1.5502603542940665e1	6.581043711868515e-13
3.103222185886895e3	-1.550260547949852e1	9.747177109182786e-13
3.1174320519664507e3	-1.5502609298043883e1	7.324512167298989e-13
3.1245369850062284e3	-1.5502611179367776e1	7.310252727514307e-13
3.138746851085784e3	-1.5502614893612613e1	-2.562605210449254e-13
3.1458517841255616e3	-1.5502616729377827e1	5.190730985465063e-13
3.1529567171653393e3	-1.5502618546680592e1	-1.190281582647708e-13
3.167166583244895e3	-1.5502622127808955e1	-1.9841958420882317e-13
3.1742715162846725e3	-1.5502623894837019e1	9.849595275259943e-13
3.188481382364228e3	-1.5502627381407917e1	-4.3213735342661846e-13
3.1955863154040057e3	-1.550262910171351e1	-6.786747406518253e-13
3.2026912484437835e3	-1.550263080720449e1	9.459663781938487e-13
3.216901114523339e3	-1.5502634171415837e1	-4.9476092718438785e-14
3.2240060475631167e3	-1.5502635829544605e1	7.478833306420189e-13
3.238215913642672e3	-1.5502639106177279e1	7.516667659432733e-13
3.24532084668245e3	-1.5502640722310206e1	1.998403240127792e-15
3.2524257797222276e3	-1.5502642323952392e1	8.296773507600149e-13
3.266635645801783e3	-1.5502645486539281e1	6.760327544250621e-13
3.273740578841561e3	-1.550264704768883e1	-8.247507316615398e-13
3.2879504449211163e3	-1.5502650129483664e1	-7.299584168583084e-13
3.295055377960894e3	-1.550265165011608e1	8.412028638923583e-13
3.3021603110006718e3	-1.5502653157271048e1	4.638550659648448e-13
3.316370177080227e3	-1.5502656131595295e1	1.5731527450916035e-13
3.323475110120005e3	-1.5502657598802779e1	3.005515206356408e-13
3.3376849761995604e3	-1.5502660495739603e1	-5.655220960819391e-13
3.344789909239338e3	-1.5502661925517138e1	3.32172088570808e-13
3.351894842279116e3	-1.5502663343467697e1	-3.1299990748583634e-13
3.3661047083586714e3	-1.5502666144917798e1	2.5977333924199544e-13
3.373209641398449e3	-1.5502667526963018e1	-3.7175504441596954e-13
3.380314574438227e3	-1.5502668897421168e1	6.321233943450567e-13
3.3945244405177823e3	-1.5502671604407224e1	-8.644724655116394e-13
3.40162937355756e3	-1.5502672940880984e1	-7.441554065453662e-13
3.4158392396371155e3	-1.5502675578365453e1	-5.59280555407573e-13
3.4229441726768932e3	-1.550267688234881e1	6.020727525671011e-13
3.430049105716671e3	-1.5502678174681908e1	5.555387535075899e-13
3.4442589717962264e3	-1.550268072589433e1	5.848052995705601e-13
3.451363904836004e3	-1.5502681984566548e1	2.67940424706506e-13
3.4655737709155596e3	-1.5502684474309023e1	-4.2780054084237374e-14
3.4726787039553374e3	-1.5502685704189771e1	4.3161173174398304e-13
3.479783636995115e3	-1.550268692229203e1	3.627830465366003e-13
3.4939935030746706e3	-1.5502689329527907e1	6.80440690742034e-13
3.5010984361144483e3	-1.5502690517623051e1	-9.019529346163565e-13
3.5153083021940038e3	-1.550269286615655e1	-2.1648154127324233e-13
3.5224132352337815e3	-1.550269402463708e1	-7.526850495435125e-13
3.5295181682735592e3	-1.5502695172984845e1	3.801996858867821e-13
3.5437280343531147e3	-1.5502697443364292e1	-9.479543730910888e-13
3.5508329673928924e3	-1.550269856425158e1	-1.317766525469493e-13
3.565042833472448e3	-1.5502700781856989e1	-7.46453917218938e-13
3.5721477665122256e3	-1.5502701878190786e1	-1.8250868619105514e-13
3.5792526995520034e3	-1.5502702964362886e1	1.800054779657958e-13
3.593462565631559e3	-1.5502705113621628e1	7.125747372887683e-13
3.6005674986713366e3	-1.5502706173624908e1	-4.24086494543844e-13
3.614777364750892e3	-1.5502708271002097e1	-2.0955304948445107e-13
3.62188229779067e3	-1.5502709304552162e1	2.46662287429922e-13
3.6289872308304475e3	-1.5502710334122392e1	-4.877110046471375e-13
3.643197096910003e3	-1.5502712362683367e1	-1.6344579278333713e-14
3.6503020299497807e3	-1.5502713368190491e1	-7.333550084818916e-14
3.664511896029336e3	-1.5502715352144012e1	-6.54116238340266e-13
3.671616829069114e3	-1.5502716333536446e1	-1.31556342467795e-13
3.6787217621088917e3	-1.5502717306615898e1	6.328623872134497e-14
3.692931628188447e3	-1.5502719228040315e1	-1.0504141725518006e-12
3.700036561228225e3	-1.5502720180091538e1	-7.790927687513031e-13
3.7142464273077803e3	-1.5502722061316947e1	-9.417215060435799e-13
3.721351360347558e3	-1.550272298721306e1	5.797104121460717e-13
3.728456293387336e3	-1.5502723907970736e1	-3.782724063743305e-13
3.7426661594668913e3	-1.5502725726918523e1	-5.971756237971283e-13
3.749771092506669e3	-1.5502726625035308e1	-9.049418658551793e-13
3.7568760255464467e3	-1.5502727518220297e1	-5.769053617650228e-13
3.771085891626002e3	-1.5502729280327546e1	-5.298752313452962e-13
3.77819082466578e3	-1.5502730153647203e1	-6.441242221406458e-13
3.7924006907453354e3	-1.5502731884469096e1	-9.029625445909656e-13
3.799505623785113e3	-1.5502732737491423e1	-4.629217839003741e-13
3.806610556824891e3	-1.5502733582001168e1	-7.290789112727005e-13
3.8208204229044463e3	-1.5502735260718753e1	8.706411477419534e-14
3.827925355944224e3	-1.5502736087200102e1	-7.700080137452182e-13
3.8421352220237795e3	-1.5502737723264383e1	-2.4912386225519058e-14
3.8492401550635573e3	-1.5502738532496842e1	-9.028601958146052e-13
3.856345088103335e3	-1.550273933652047e1	1.4536648847061045e-13
3.8705549541828905e3	-1.550274092621759e1	1.330603490733879e-13
3.877659887222668e3	-1.5502741711534352e1	2.1182727400595636e-13
3.8918697533022237e3	-1.550274326839608e1	5.860386890745814e-13
3.8989746863420014e3	-1.5502744036139397e1	2.856398242390481e-14
3.906079619381779e3	-1.550274480070524e1	-1.9835366466032056e-13
3.9202894854613346e3	-1.5502746307885639e1	3.9750183338667363e-13
3.9273944185011123e3	-1.5502747055046573e1	-1.4614711473642507e-13
3.941604284580668e3	-1.5502748532566933e1	-4.0616678493587615e-13
3.9487092176204455e3	-1.5502749262818302e1	-3.274067989034246e-13
3.9558141506602233e3	-1.55027499875348e1	1.5153170124466507e-13
3.9700240167397787e3	-1.5502751420110053e1	1.4406891414474225e-14
3.9771289497795565e3	-1.5502752132825409e1	4.3572996898005404e-13
3.991338815859112e3	-1.5502753534611928e1	2.6209960551636895e-14
3.9984437488988897e3	-1.5502754227540432e1	1.5387184531676026e-13
4.0055486819386674e3	-1.5502754916674354e1	-5.579274698855293e-13
4.019758548018223e3	-1.55027562801577e1	-9.614713505691557e-13
4.0268634810580006e3	-1.550275695382567e1	-1.0373863875446223e-12
4.041073347137556e3	-1.5502758293161447e1	-9.238642465387196e-13
4.048178280177334e3	-1.5502758949774211e1	-6.535628610574529e-13
4.0552832132171116e3	-1.5502759603770123e1	1.0233836870635745e-13
4.069493079296667e3	-1.5502760902170738e1	-2.2919360633038426e-13
4.0765980123364448e3	-1.5502761543394008e1	-9.936643777666269e-13
4.090807878416e3	-1.5502762816589042e1	-9.984487494129113e-13
4.097912811455778e3	-1.5502763445203582e1	-1.1569089424471077e-12
4.105017744495556e3	-1.5502764070303037e1	1.907087314321446e-13
4.1192276105751125e3	-1.5502765310372881e1	-8.849682418078804e-13
4.126332543614891e3	-1.550276592650081e1	-2.058372684611852e-13
4.133437476654669e3	-1.550276653466141e1	-1.0148592482431025e-12
4.147647342734225e3	-1.5502767741484648e1	-6.68209144527431e-13
4.1547522757740035e3	-1.5502768335443161e1	-2.6084886876668543e-13
4.16896214185356e3	-1.5502769513519151e1	5.247369757945152e-14
4.176067074893338e3	-1.5502770098342976e1	3.8980485840809987e-13
4.183172007933116e3	-1.550277067883858e1	-1.1240879447885401e-12
4.197381874012673e3	-1.5502771820801804e1	-1.1912460897882402e-12
4.204486807052451e3	-1.5502772387608093e1	-5.165976459311288e-13
4.218696673132007e3	-1.5502773499920332e1	3.929134856707224e-13
4.225801606171785e3	-1.5502774055786114e1	-6.105538232693142e-13
4.2329065392115635e3	-1.5502774607564481e1	-1.1930606121750888e-12
4.24711640529112e3	-1.550277570177534e1	-1.0506709118638369e-13
4.254221338330898e3	-1.550277623813586e1	3.941468751706329e-14
4.2684312044104545e3	-1.5502777306039352e1	-6.348920155086388e-13
4.275536137450233e3	-1.5502777837591903e1	3.801302968890313e-13
4.282641070490011e3	-1.550277835975427e1	-9.750247572689845e-13
4.296850936569567e3	-1.5502779398206515e1	-2.9394395298209896e-13
4.303955869609345e3	-1.5502779914421488e1	-1.123196296121825e-12
4.318165735688902e3	-1.5502780935333883e1	-1.0147725119930538e-12
4.32527066872868e3	-1.5502781444346232e1	-6.66776261649697e-14
4.332375601768458e3	-1.5502781945106944e1	-1.1457841508010218e-12
4.346585467848015e3	-1.5502782935048737e1	-7.469812736366453e-13
4.353690400887793e3	-1.5502783428659614e1	5.1327044331492494e-14
4.367900266967349e3	-1.5502784396022042e1	3.0889728278278014e-13
4.375005200007127e3	-1.5502784877920293e1	-2.1918944705497131e-13
4.3821101330469055e3	-1.5502785356091628e1	-5.506711150666696e-13
4.396319999126462e3	-1.5502786304457812e1	-9.034985746324348e-13
4.40342493216624e3	-1.550278677523438e1	-7.297589234908628e-13
4.417634798245796e3	-1.5502787699065774e1	-3.920964301799489e-13
4.424739731285575e3	-1.5502788158992406e1	9.082326392527695e-14
4.431844664325353e3	-1.550278861717559e1	-8.22953556538958e-15
4.446054530404909e3	-1.5502789517991612e1	-6.384308545806584e-13
4.453159463444687e3	-1.550278996547427e1	-1.4502995181470023e-13
4.467369329524244e3	-1.550279085167737e1	-3.377908629636952e-13
4.474474262564022e3	-1.550279129115492e1	4.1146983936946703e-13
4.4815791956038e3	-1.5502791731810957e1	-1.1440112618166913e-12
4.4957890616833565e3	-1.5502792598717347e1	2.0657626132667356e-13
4.502893994723135e3	-1.5502793030402847e1	-1.1077936725389775e-12
4.509998927762913e3	-1.550279345368076e1	-1.1137975558846957e-12
4.524208793842469e3	-1.5502794296263732e1	4.2019550629497653e-13
4.5313137268822475e3	-1.5502794714884821e1	-2.4438285873655293e-13
4.545523592961804e3	-1.550279554555603e1	-4.1431478842684746e-13
4.552628526001582e3	-1.5502795952189945e1	7.054120576273175e-13
4.55973345904136e3	-1.5502796358055477e1	3.6835498335318763e-13
4.573943325120917e3	-1.550279716383166e1	2.0590492273829035e-13
4.581048258160695e3	-1.5502797562898918e1	5.971253167760904e-13
4.595258124240251e3	-1.5502798355279046e1	-4.52109242761583e-13
4.602363057280029e3	-1.5502798750683313e1	1.1647568385095717e-12
4.6094679903198075e3	-1.5502799141914155e1	1.2238433079221616e-12
4.623677856399364e3	-1.5502799912879953e1	4.2649429289684553e-13
4.630782789439142e3	-1.5502800294414662e1	1.16662513737233e-12
4.6449926555186985e3	-1.5502801048182512e1	-4.630987258575965e-13
4.652097588558477e3	-1.5502801424712398e1	7.742858456870288e-13
4.659202521598255e3	-1.5502801799740283e1	9.79630452239202e-13
4.673412387677811e3	-1.5502802537212762e1	1.1366005164691778e-12
4.680517320717589e3	-1.5502802900411625e1	-2.0519715492420204e-13
4.694727186797146e3	-1.550280361895387e1	3.741715163954031e-13
4.701832119836924e3	-1.5502803979405531e1	1.0864669629617408e-12
4.708937052876702e3	-1.5502804334299524e1	1.2478172079047472e-12
4.723146918956259e3	-1.5502805040989204e1	1.1433017592791958e-12
4.730251851996037e3	-1.5502805392782445e1	8.727956762423359e-13
4.744461718075593e3	-1.5502806091161384e1	-4.631368898086342e-13
4.751566651115371e3	-1.5502806439717906e1	3.9234970003589135e-13
4.7586715841551495e3	-1.5502806788306128e1	4.0013167654231853e-13
4.772881450234706e3	-1.5502807462060883e1	-4.1490286021423967e-13
4.779986383274484e3	-1.5502807796228868e1	3.9550516487437563e-13
4.79419624935404e3	-1.5502808462919674e1	7.128783141784077e-13
4.801301182393819e3	-1.5502808791941156e1	-6.3732063055977e-14
4.808406115433597e3	-1.5502809121908811e1	9.535540655159125e-13
4.822615981513153e3	-1.55028097692405e1	8.801942785164872e-13
4.829720914552931e3	-1.5502810088522578e1	-2.0524572722534932e-13
4.843930780632488e3	-1.5502810721505428e1	6.594071497038435e-13
4.851035713672266e3	-1.5502811036625511e1	-1.4649059029441288e-13
4.858140646712044e3	-1.5502811351002055e1	3.613796539886258e-13
4.8723505127916005e3	-1.5502811970984656e1	1.818113267293678e-13
4.879455445831379e3	-1.5502812281147541e1	-3.654545230955689e-14
4.886560378871157e3	-1.5502812585546488e1	-2.8911794793622795e-13
4.900770244950713e3	-1.550281319768166e1	9.939401990531212e-13
4.9078751779904915e3	-1.550281350366271e1	1.0969186812980199e-13
4.922085044070048e3	-1.5502814106007346e1	9.869926252885793e-13
4.929189977109826e3	-1.5502814408324195e1	4.1824394063172957e-13
4.936294910149604e3	-1.550281469880514e1	1.0489014923330217e-13
4.950504776229161e3	-1.550281527989043e1	6.199872580118456e-13
4.957609709268939e3	-1.5502815571350615e1	1.255413568834061e-12
4.971819575348495e3	-1.5502816144383628e1	1.212746271876521e-13
4.978924508388273e3	-1.5502816430066506e1	-2.106528651591853e-13
4.9860294414280515e3	-1.5502816710987014e1	-4.935205987949271e-13
5.000239307507608e3	-1.550281727335607e1	8.497273027298547e-13
5.007344240547386e3	-1.5502817555018122e1	1.0649893323067413e-12
5.0215541066269425e3	-1.550281809655268e1	1.2801750339821466e-13
5.028659039666721e3	-1.5502818366697593e1	2.952224453341253e-13
5.035763972706499e3	-1.550281863810751e1	1.3733991573560835e-13
5.049973838786055e3	-1.5502819169590753e1	1.0236456305509069e-12
5.057078771825833e3	-1.550281943535105e1	1.4048844167390843e-13
5.07128863790539e3	-1.5502819961806942e1	-3.3431273926992244e-13
5.078393570945168e3	-1.5502820221563049e1	1.0162851922280813e-12
5.085498503984946e3	-1.5502820483504461e1	1.0631817488207691e-12
5.099708370064503e3	-1.5502821008857891e1	1.2217043919572702e-12
5.106813303104281e3	-1.5502821265258506e1	7.496371376683496e-13
5.121023169183837e3	-1.5502821778857193e1	-4.981835396889464e-13
5.128128102223615e3	-1.5502822034355768e1	4.30263850398711e-14
5.1352330352633935e3	-1.5502822286000823e1	5.407675698449561e-13
5.14944290134295e3	-1.5502822789907576e1	8.897543481849831e-13
5.156547834382728e3	-1.5502823042665353e1	7.737133864274624e-13
5.170757700462284e3	-1.5502823534880852e1	7.445335766159596e-13
5.177862633502063e3	-1.5502823774696429e1	-3.0576783882128495e-13
5.184967566541841e3	-1.5502824015144034e1	7.500430633267483e-13
5.199177432621397e3	-1.550282449621514e1	4.71715105107055e-13
5.206282365661175e3	-1.5502824730782356e1	-5.431059791921145e-13
5.220492231740732e3	-1.5502825201017638e1	4.2224074711259395e-13
5.22759716478051e3	-1.550282543681666e1	8.350445900355166e-13
5.234702097820288e3	-1.5502825672607274e1	1.2319201876882821e-12
5.2489119638998445e3	-1.5502826131957804e1	6.247265268078917e-13
5.256016896939623e3	-1.550282636086659e1	-2.2423055800735913e-13
5.263121829979401e3	-1.5502826591899154e1	1.1377159446697691e-12
5.277331696058957e3	-1.550282703973334e1	4.839830805537992e-13
5.2844366290987355e3	-1.5502827256117353e1	3.999928985404783e-13
5.298646495178292e3	-1.5502827693469248e1	-1.5543483257448937e-13
5.30575142821807e3	-1.5502827912233915e1	-2.649376156756776e-13
5.312856361257848e3	-1.5502828130944911e1	4.3163081372649333e-13
5.327066227337405e3	-1.5502828555454155e1	3.851956939930896e-14
5.334171160377183e3	-1.550282876839615e1	-2.1654572610294331e-13
5.348381026456739e3	-1.5502829195856556e1	4.4648873365021724e-13
5.355485959496517e3	-1.5502829407953616e1	-5.026764775297031e-13
5.3625908925362955e3	-1.5502829616555427e1	9.176175016957877e-14
5.376800758615852e3	-1.5502830029585441e1	6.303140761454942e-13
5.38390569165563e3	-1.5502830237410603e1	-2.477152655295471e-13
5.3981155577351865e3	-1.5502830653522336e1	6.866978439539633e-13
5.405220490774965e3	-1.5502830854478221e1	4.02261918886257e-13
5.412325423814743e3	-1.550283105531944e1	-9.956454337644578e-14
5.426535289894299e3	-1.550283145723243e1	2.4172352525913595e-13
5.433640222934077e3	-1.5502831659313129e1	1.1820676596369985e-12
5.447850089013634e3	-1.5502832065676152e1	8.821805386836903e-13
5.454955022053412e3	-1.5502832261117717e1	1.036803519941962e-12
5.46205995509319e3	-1.5502832457675087e1	5.834782349291703e-13
5.476269821172747e3	-1.5502832849624626e1	1.9114935159252274e-13
5.483374754212525e3	-1.5502833046332626e1	9.312368279449312e-13
5.497584620292081e3	-1.5502833440225118e1	5.913747032879737e-13
5.504689553331859e3	-1.5502833624912716e1	-5.786036575812593e-13
5.5117944863716375e3	-1.5502833807316012e1	2.752574949083121e-13
5.526004352451194e3	-1.5502834173467239e1	-6.748080385652306e-15
5.533109285490972e3	-1.5502834357439577e1	1.9066015913272222e-13
5.547319151570528e3	-1.5502834726884434e1	-2.015420892764835e-13
5.554424084610307e3	-1.5502834910103257e1	-5.249225913772251e-13
5.561529017650085e3	-1.550283508799749e1	8.582673540782856e-13
5.575738883729641e3	-1.55028354404855e1	9.984713008467706e-13
5.582843816769419e3	-1.5502835618313046e1	4.396001405370715e-13
5.597053682848976e3	-1.5502835974919522e1	1.1256266459029809e-12
5.604158615888754e3	-1.550283615331028e1	-1.81056721339708e-13
5.611263548928532e3	-1.5502836332272931e1	5.043504871887586e-13
5.6254734150080885e3	-1.550283667294904e1	3.764700270680431e-14
5.632578348047867e3	-1.5502836843682715e1	5.543712835693397e-13
5.639683281087645e3	-1.55028370161058e1	6.428405256228201e-13
5.653893147167201e3	-1.550283735911614e1	9.704450831835896e-13
5.6609980802069795e3	-1.5502837530693018e1	-5.454374496397894e-13
5.675207946286536e3	-1.5502837876423802e1	4.0088801665896515e-13
5.682312879326314e3	-1.5502838033990582e1	-4.426844816491987e-13
5.689417812366092e3	-1.550283819044233e1	1.1388261686936177e-12
5.703627678445649e3	-1.5502838504848127e1	7.95381836839447e-13
5.710732611485427e3	-1.5502838661968843e1	9.217617598050612e-13
5.724942477564983e3	-1.5502838980999696e1	2.6896391248195786e-13
5.732047410604761e3	-1.5502839139702582e1	-2.3622791634887336e-13
5.7391523436445395e3	-1.5502839297397133e1	9.781160372880164e-13
5.753362209724096e3	-1.5502839608203985e1	1.0738919411884332e-12
5.760467142763874e3	-1.550283975914587e1	3.7944508050298523e-13
5.7746770088434305e3	-1.5502840062370206e1	-2.8345233597325295e-13
5.781781941883209e3	-1.550284021321748e1	6.583697841352438e-13
5.788886874922987e3	-1.55028403657949e1	3.4134531456208965e-13
5.803096741002543e3	-1.5502840670665767e1	9.845605407927266e-13
5.810201674042321e3	-1.5502840824333893e1	9.198119288660948e-13
5.824411540121878e3	-1.55028411307391e1	8.407743868272229e-13
5.831516473161656e3	-1.5502841274825057e1	-1.4258919369149595e-13
5.838621406201434e3	-1.5502841418400736e1	-2.7776937675905186e-13
5.852831272280991e3	-1.550284170718136e1	7.252260869793853e-13
5.859936205320769e3	-1.5502841851256372e1	-2.788813355064198e-13
5.874146071400325e3	-1.550284214398866e1	9.53689374072283e-13
5.881251004440103e3	-1.5502842291211284e1	4.703533459556524e-13
5.8883559374798815e3	-1.550284243747745e1	-1.0727539615659085e-14
5.902565803559438e3	-1.5502842732701291e1	-4.0904469377316744e-13
5.909670736599216e3	-1.550284286954866e1	3.1663589116544616e-13
5.923880602678772e3	-1.5502843144942043e1	4.494134800597366e-13
5.930985535718551e3	-1.550284328312752e1	9.886093890244206e-13
5.938090468758329e3	-1.5502843421884682e1	-1.1177180344699629e-13
5.952300334837885e3	-1.5502843698811711e1	1.1130932575270244e-12
5.959405267877663e3	-1.5502843838090818e1	9.446965594916838e-14
5.97361513395722e3	-1.5502844118493682e1	6.467644736522344e-13
5.980720066996998e3	-1.5502844257809198e1	6.049940295375118e-13
5.987825000036776e3	-1.5502844398357572e1	1.0850219370127818e-12
6.0020348661163325e3	-1.550284467001115e1	4.821581498181008e-13
6.009139799156111e3	-1.5502844800253444e1	4.866979252343739e-13
6.016244732195889e3	-1.5502844930020132e1	4.973369938732648e-13
6.030454598275445e3	-1.5502845194452464e1	7.285550243216023e-13
6.0375595313152235e3	-1.5502845324858852e1	1.0442160000175502e-12
6.05176939739478e3	-1.5502845589546773e1	8.522062248074795e-13
6.058874330434558e3	-1.5502845723707432e1	1.023191132594921e-12
6.065979263474336e3	-1.5502845857082727e1	6.129893772233601e-13
6.080189129553893e3	-1.5502846125026588e1	2.3932613526135047e-13
6.087294062593671e3	-1.5502846257771376e1	4.4937531610913146e-13
6.101503928673227e3	-1.5502846524109456e1	6.625365936694942e-13
6.108608861713005e3	-1.5502846641851736e1	-3.3667023059335107e-13
6.1157137947527835e3	-1.5502846755974188e1	8.793442632531728e-13
6.12992366083234e3	-1.550284698789158e1	-6.196507213573593e-13
6.137028593872118e3	-1.5502847103674537e1	1.1330876982794293e-13
6.1512384599516745e3	-1.5502847336431122e1	1.1132094841048305e-12
6.158343392991453e3	-1.5502847451309457e1	1.0388817205355678e-12
6.165448326031231e3	-1.550284756937908e1	6.60312676174865e-13
6.179658192110787e3	-1.550284780383231e1	-5.699560532833595e-13
6.186763125150565e3	-1.5502847923002722e1	2.30683735137654e-13
6.200972991230122e3	-1.5502848157423632e1	7.547892710242652e-13
6.2080779242699e3	-1.5502848276327587e1	1.0502493736892024e-12
6.215182857309678e3	-1.550284839310386e1	9.43038162358842e-13
6.229392723389235e3	-1.5502848620715474e1	3.5879317896318866e-13
6.236497656429013e3	-1.550284872945171e1	-4.667295053581496e-13
6.250707522508569e3	-1.5502848944489921e1	5.295733891965789e-13
6.257812455548347e3	-1.5502849053622759e1	4.55986353217186e-13
6.2649173885881255e3	-1.5502849162888426e1	6.342414936258495e-13
6.279127254667682e3	-1.5502849380862658e1	-6.548240061646589e-14
6.28623218770746e3	-1.550284949230185e1	6.023659211100432e-13
6.300442053787016e3	-1.5502849712253436e1	2.0318834333493018e-14
6.307546986826795e3	-1.5502849821521245e1	2.0263670077384243e-13
6.314651919866573e3	-1.5502849933525416e1	1.033845813759624e-12
6.328861785946129e3	-1.5502850153723433e1	9.190243637012562e-13
6.335966718985907e3	-1.5502850265916363e1	2.9246770197983514e-13
6.350176585065464e3	-1.5502850489093714e1	-5.284406137489003e-13
6.357281518105242e3	-1.5502850599850712e1	6.616657617022997e-13
6.36438645114502e3	-1.5502850700721837e1	3.5732213213370087e-13
6.3785963172245765e3	-1.550285090345263e1	-1.9277478895060109e-13
6.385701250264355e3	-1.5502851002949885e1	-3.7842679690800806e-13
6.392806183304133e3	-1.5502851103735205e1	9.701935480550788e-13
6.407016049383689e3	-1.550285130472347e1	7.476474080559581e-13
6.4141209824234675e3	-1.550285140690347e1	2.0140851544918782e-13
6.428330848503024e3	-1.550285161110153e1	6.175360915401778e-13
6.435435781542802e3	-1.5502851714232767e1	9.66966959490279e-13
6.44254071458258e3	-1.5502851816292246e1	1.1000446558157375e-12
6.456750580662137e3	-1.550285202073166e1	1.065959043605492e-12
6.463855513701915e3	-1.5502852124764498e1	-5.065067504080326e-13
6.478065379781471e3	-1.5502852331768128e1	-2.1808269248443475e-13
6.485170312821249e3	-1.5502852434834297e1	9.158116529369093e-13
6.4922752458610275e3	-1.5502852538686728e1	-9.086663205182674e-14
6.506485111940584e3	-1.5502852748059459e1	1.5014045176849992e-13
6.513590044980362e3	-1.55028528527486e1	-1.7800013582860733e-13
6.5277999110599185e3	-1.5502853017875347e1	-3.0532374921339334e-13
6.534904844099697e3	-1.5502853099587272e1	-6.215502452709874e-13
6.542009777139475e3	-1.5502853181887737e1	1.085882360631185e-12
6.556219643219031e3	-1.5502853347906322e1	8.338007921882126e-13
6.563324576258809e3	-1.5502853430999327e1	-4.952587932819738e-13
6.577534442338366e3	-1.5502853595757825e1	-4.1292700840173505e-13
6.584639375378144e3	-1.5502853681187412e1	8.724018936643052e-13
6.591744308417922e3	-1.5502853763515963e1	8.174492740095117e-13
6.605954174497479e3	-1.5502853932505348e1	7.509173647469272e-13
6.613059107537257e3	-1.5502854014915371e1	8.504333358226686e-13
6.627268973616813e3	-1.550285418395926e1	-2.0573838913630337e-14
6.634373906656591e3	-1.5502854270046052e1	-2.126720851007052e-13
6.6414788396963695e3	-1.5502854354906884e1	-5.667346688940273e-15
6.655688705775926e3	-1.5502854525342677e1	-5.3341060097406766e-14
6.662793638815704e3	-1.55028546123605e1	6.119173171524288e-13
6.67700350489526e3	-1.5502854784282244e1	6.580696767053224e-13
6.684108437935039e3	-1.5502854871139649e1	1.0191891219405466e-12
6.691213370974817e3	-1.5502854956080808e1	-4.3714030043860264e-13
6.705423237054373e3	-1.5502855129049035e1	6.85264961077104e-13
6.712528170094151e3	-1.5502855202811585e1	-1.7736349174085626e-13
6.726738036173708e3	-1.550285534886005e1	-1.6314742008004783e-13
6.733842969213486e3	-1.550285542171403e1	-2.4915855675928747e-14
6.740947902253264e3	-1.5502855496044926e1	1.9000616779504109e-13
6.7551577683328205e3	-1.5502855643674156e1	-4.3000711109522583e-13
6.762262701372599e3	-1.5502855716481232e1	-3.8070102142893777e-13
6.776472567452155e3	-1.5502855865215853e1	1.0950417088156704e-12
6.783577500491933e3	-1.5502855939702869e1	6.981418250110561e-13
6.7906824335317115e3	-1.5502856014822775e1	-3.144796279475774e-13
6.804892299611268e3	-1.5502856166053997e1	-4.600542834243474e-13
6.811997232651046e3	-1.5502856241458215e1	-2.5814443243997137e-14
6.819102165690824e3	-1.5502856316110657e1	-1.0907430601793038e-13
6.833312031770381e3	-1.5502856468909311e1	-6.35082835268302e-15
6.840416964810159e3	-1.5502856543794529e1	-5.560938655302384e-13
6.854626830889715e3	-1.5502856696617334e1	-4.0758058584439387e-13
6.861731763929493e3	-1.5502856773020781e1	1.0133274860479233e-12
6.8688366969692715e3	-1.5502856847686555e1	9.553477712072508e-13
6.883046563048828e3	-1.5502857001236316e1	-2.413210690517604e-13
6.890151496088606e3	-1.5502857078677758e1	4.2410384180161204e-13
6.9043613621681625e3	-1.5502857232492095e1	6.36885214579595e-13
6.911466295207941e3	-1.5502857310109466e1	-1.7977649426441308e-13
6.918571228247719e3	-1.5502857387787813e1	9.348086267943702e-13
6.932781094327275e3	-1.5502857543106979e1	-5.384413035753969e-13
6.939886027367053e3	-1.5502857620501413e1	3.786557806129021e-14
6.95409589344661e3	-1.5502857764203153e1	1.4197857047949188e-13
6.961200826486388e3	-1.5502857827862583e1	1.004305181141653e-12
6.968305759526166e3	-1.5502857891708771e1	-5.027476012577931e-13
6.982515625605723e3	-1.5502858018167666e1	-4.0854509296384783e-13
6.989620558645501e3	-1.5502858083684146e1	-5.644552401984441e-13
7.003830424725057e3	-1.5502858213246567e1	8.747576502621263e-13
7.010935357764835e3	-1.5502858277881126e1	8.624133469139488e-13
7.0180402908046135e3	-1.55028583436369e1	-6.554502419029301e-13
7.03225015688417e3	-1.5502858473765668e1	9.497047106689763e-13
7.039355089923948e3	-1.5502858539189416e1	-2.8984132827731197e-13
7.053564956003504e3	-1.55028586723104e1	6.336482176646209e-13
7.060669889043283e3	-1.5502858737942441e1	6.968373117850551e-13
7.067774822083061e3	-1.5502858803576746e1	-1.4349992433509613e-13
7.081984688162617e3	-1.5502858938057491e1	-2.7325909166893573e-13
7.089089621202395e3	-1.550285900362807e1	5.812178882105212e-13
7.103299487281952e3	-1.5502859135874624e1	7.546695749978194e-13
7.11040442032173e3	-1.5502859205016682e1	1.1179105889508792e-12
7.117509353361508e3	-1.5502859271633067e1	3.23895715437009e-13
7.1317192194410645e3	-1.5502859407066284e1	1.8433708638114877e-13
7.138824152480843e3	-1.550285947371752e1	-5.435917022040678e-13
7.153034018560399e3	-1.5502859609189807e1	2.9875087605647697e-13
7.160138951600177e3	-1.5502859676371054e1	5.756910542494478e-13
7.1672438846399555e3	-1.5502859744760077e1	4.190367099748668e-13
7.181453750719512e3	-1.5502859881604508e1	1.139424648833514e-12
7.18855868375929e3	-1.5502859950959689e1	9.110255465664813e-14
7.195663616799068e3	-1.5502860019774863e1	-1.6540603207554638e-13
7.209873482878625e3	-1.5502860157396919e1	1.1214962655980938e-12
7.216978415918403e3	-1.5502860225249254e1	-5.2671456233979377e-14
7.231188281997959e3	-1.5502860361287047e1	4.620440130395754e-14
7.238293215037737e3	-1.5502860430970838e1	5.287320475553686e-13
7.2453981480775155e3	-1.5502860499520699e1	6.770267518868982e-13
7.259608014157072e3	-1.5502860638814333e1	-3.1376318650834155e-13
7.26671294719685e3	-1.5502860706597136e1	1.1036997214653582e-12
7.2809228132764065e3	-1.5502860818113778e1	1.0107219290460127e-12
7.288027746316185e3	-1.5502860873106766e1	8.749397963910582e-13
7.295132679355963e3	-1.550286092705313e1	5.704591235443408e-13
7.309342545435519e3	-1.550286103728876e1	-1.355965170762316e-13
7.316447478475297e3	-1.5502861092350493e1	-1.4103834951064308e-13
7.330657344554854e3	-1.5502861202317966e1	4.601340807762203e-13
7.337762277594632e3	-1.5502861256792272e1	-6.590376532752781e-13
7.34486721063441e3	-1.550286131071202e1	-1.0615649850932957e-13
7.359077076713967e3	-1.5502861420740304e1	6.103144312206851e-13
7.366182009753745e3	-1.5502861476624394e1	3.483761551292837e-13
7.380391875833301e3	-1.5502861587216831e1	3.188112363598698e-13
7.387496808873079e3	-1.5502861643485462e1	7.859379937517071e-13
7.3946017419128575e3	-1.5502861699711723e1	-6.429029757259153e-13
7.408811607992414e3	-1.5502861810834666e1	-5.744750120001411e-13
7.415916541032192e3	-1.5502861866666096e1	-2.843387804667919e-14
7.430126407111748e3	-1.550286197986669e1	3.4782104311814324e-13
7.437231340151527e3	-1.5502862036356055e1	-5.821928036803269e-13
7.444336273191305e3	-1.5502862092904026e1	4.145507110347872e-13
7.458546139270861e3	-1.5502862205744991e1	1.0897716141605171e-13
7.465651072310639e3	-1.5502862261523065e1	5.538612744107193e-13
7.479860938390196e3	-1.5502862375223257e1	9.695118011176398e-13
7.486965871429974e3	-1.5502862430869984e1	-6.502686182240608e-13
7.494070804469752e3	-1.5502862489569452e1	7.943115114951392e-13
7.5082806705493085e3	-1.550286260557735e1	1.383235048310841e-13
7.515385603589087e3	-1.5502862662906088e1	-1.0810112527344421e-13
7.529595469668643e3	-1.5502862778761491e1	7.624324695292163e-13
7.536700402708421e3	-1.5502862837446923e1	-5.430574068935373e-13
7.5438053357481995e3	-1.5502862894410441e1	-5.741003113926797e-13
7.558015201827756e3	-1.550286301155465e1	1.6483357281409405e-14
7.565120134867534e3	-1.550286306869583e1	-5.855373535476412e-13
7.572225067907312e3	-1.5502863128310933e1	-1.2842342905704442e-13
7.586434933986869e3	-1.5502863242987402e1	-5.852580628170376e-13
7.593539867026647e3	-1.550286330307261e1	-1.4466739428364382e-13
7.607749733106203e3	-1.5502863420489748e1	9.633726092193242e-13
7.614854666145981e3	-1.5502863480263102e1	8.127065357650761e-13
7.6219595991857595e3	-1.5502863540364686e1	-5.312977058821438e-13
7.636169465265316e3	-1.5502863661571578e1	4.993423360146638e-13
7.643274398305094e3	-1.5502863721070462e1	7.361201602002701e-13
7.6574842643846505e3	-1.5502863841740616e1	7.49137536862005e-13
7.664589197424429e3	-1.5502863899697438e1	7.857072753222739e-13
7.671694130464207e3	-1.5502863960411384e1	6.027128661180291e-13
7.685903996543763e3	-1.5502864081716721e1	9.121860776152508e-13
7.693008929583541e3	-1.5502864139802734e1	-6.219370889545607e-13
7.707218795663098e3	-1.5502864261620118e1	6.583489674366608e-13
7.714323728702876e3	-1.5502864323186335e1	-6.322430903867849e-13
7.721428661742654e3	-1.550286438267004e1	-4.2424608925483125e-13
7.735638527822211e3	-1.5502864472901473e1	-2.079935316818904e-14
7.742743460861989e3	-1.5502864514643589e1	1.0473280967324446e-12
7.756953326941545e3	-1.5502864601759107e1	8.228147785434171e-14
7.764058259981323e3	-1.5502864645193618e1	-1.8000547796916988e-13
7.7711631930211015e3	-1.5502864690009542e1	3.6114720083618683e-13
7.785373059100658e3	-1.5502864777129995e1	-5.945440459288448e-13
7.792477992140436e3	-1.5502864824095829e1	3.914337652201313e-13
7.806687858219992e3	-1.5502864909238255e1	-6.832006382863762e-13
7.813792791259771e3	-1.550286495348389e1	-3.154580128675746e-13
7.820897724299549e3	-1.5502864998001243e1	-3.403756032685675e-13
7.835107590379105e3	-1.550286508579067e1	-2.772090605735483e-14
7.842212523418883e3	-1.5502865130308518e1	-5.1705214389582124e-14
7.85642238949844e3	-1.550286521852667e1	1.6596461353687685e-13
7.863527322538218e3	-1.550286526396794e1	7.710505835027115e-14
7.870632255577996e3	-1.550286530912006e1	3.478453292687657e-13
7.8848421216575525e3	-1.5502865399436246e1	9.119848495113442e-13
7.891947054697331e3	-1.5502865443462083e1	8.630083576016285e-13
7.906156920776887e3	-1.5502865531447815e1	6.400233321683027e-13
7.913261853816665e3	-1.5502865578704608e1	3.6200588972848883e-13
7.9203667868564435e3	-1.550286562215532e1	1.304478531727846e-13
7.934576652936e3	-1.5502865712389015e1	-3.696248020816804e-13
7.941681585975778e3	-1.5502865757694552e1	1.0998122026628418e-12
7.948786519015556e3	-1.5502865804030137e1	-1.6939589965587763e-14
7.962996385095113e3	-1.5502865892353126e1	-5.083160686202191e-13
7.970101318134891e3	-1.5502865940809292e1	5.797902095072837e-13
7.984311184214447e3	-1.5502866031921464e1	-7.03725904899147e-14
7.991416117254225e3	-1.5502866076758902e1	5.115721475106968e-13
7.9985210502940035e3	-1.5502866123840183e1	-9.919504694442145e-14
8.01273091637356e3	-1.5502866215864044e1	7.133362815923888e-14
8.019835849413338e3	-1.5502866262195221e1	-1.4595456025957332e-13
8.0340457154928945e3	-1.5502866354895932e1	4.0001891941781453e-13
8.041150648532673e3	-1.5502866401337359e1	-5.160581464509122e-13
8.048255581572451e3	-1.5502866450167653e1	3.7356262791088627e-13
8.062465447652007e3	-1.5502866541878639e1	-4.9103126837272736e-14
8.069570380691785e3	-1.5502866590028518e1	4.583074153147806e-13
8.083780246771342e3	-1.5502866681678388e1	-8.02275634130653e-14
8.09088517981112e3	-1.5502866729170869e1	8.862016313180843e-14
8.097990112850898e3	-1.5502866776451482e1	7.635895311278337e-13
8.112199978930455e3	-1.5502866871057744e1	-5.245270740712177e-13
8.119304911970233e3	-1.550286691771319e1	7.808032076489469e-13
8.133514778049789e3	-1.550286701393807e1	7.458519676462203e-13
8.140619711089567e3	-1.5502867061583062e1	2.960273577519756e-13
8.1477246441293455e3	-1.5502867107939018e1	1.0335439716056136e-12
8.161934510208902e3	-1.5502867202637285e1	-8.013735771125644e-14
8.16903944324868e3	-1.5502867250394841e1	-3.16538746564388e-13
8.183249309328236e3	-1.5502867346737712e1	7.800347244585345e-13
8.190354242368015e3	-1.550286739752392e1	-6.89639937616043e-14
8.197459175407792e3	-1.5502867444814337e1	6.246068307834772e-13
8.211669041487348e3	-1.5502867541159485e1	-9.014151698740546e-14
8.218773974527126e3	-1.5502867589800264e1	4.4017259980021096e-13
8.232983840606683e3	-1.5502867686994035e1	-4.812682358764947e-13
8.240088773646461e3	-1.5502867733940228e1	4.674858454743851e-13
8.24719370668624e3	-1.5502867785446911e1	9.844738045440776e-13
8.261403572765796e3	-1.5502867884656732e1	2.540660938833197e-13
8.268508505805574e3	-1.5502867934222632e1	-1.8509516122157305e-13
8.28271837188513e3	-1.5502868033466992e1	5.780103816216387e-14
8.289823304924908e3	-1.550286808283681e1	1.062520818588347e-12
8.296928237964687e3	-1.5502868131182288e1	1.2514306401616293e-13
8.311138104044243e3	-1.5502868231208737e1	3.519930568272791e-14
8.318243037084021e3	-1.5502868281053784e1	1.2528704619406004e-13
8.3253479701238e3	-1.5502868329237177e1	6.962509747240409e-13
8.339557836203356e3	-1.5502868428109643e1	-6.737585299218087e-13
8.346662769243134e3	-1.5502868478504135e1	4.580420023845445e-13
8.36087263532269e3	-1.5502868575989416e1	8.929323644536045e-14
8.367977568362468e3	-1.5502868629848297e1	5.268221152924694e-13
8.375082501402247e3	-1.5502868679040054e1	-6.216907579999351e-13
8.389292367481803e3	-1.5502868779007468e1	8.42625338442134e-14
8.396397300521581e3	-1.5502868827914641e1	-6.95985561793745e-13
8.410607166601138e3	-1.5502868930348798e1	1.4767887694428822e-13
8.417712099640916e3	-1.5502868980904706e1	6.776998252010969e-13
8.424817032680694e3	-1.550286903113689e1	-3.138638005606699e-13
8.43902689876025e3	-1.5502869132981198e1	-5.88517611157975e-13
8.446131831800029e3	-1.5502869183267261e1	3.3771453506522807e-13
8.460341697879585e3	-1.550286928511831e1	9.836602185028905e-13
8.467446630919363e3	-1.550286933635865e1	8.786729246669768e-14
8.474551563959141e3	-1.5502869387973863e1	-9.718623535406894e-14
8.488761430038698e3	-1.550286948974011e1	3.879799276758986e-13
8.495866363078476e3	-1.5502869540218587e1	7.712049740311979e-13
8.510076229158032e3	-1.5502869641969152e1	-5.889998647177063e-13
8.51718116219781e3	-1.5502869692529142e1	-5.123336918012233e-14
8.524286095237589e3	-1.5502869745936065e1	-4.705857991118233e-13
8.538495961317145e3	-1.5502869774433899e1	-1.6948263590769957e-15
8.545600894356923e3	-1.5502869788083688e1	-4.492504159078461e-13
8.55981076043648e3	-1.550286981813155e1	-6.728755548791638e-13
8.566915693476258e3	-1.550286983246316e1	1.7226166541357724e-13
8.574020626516036e3	-1.5502869845722767e1	-1.0723723220616437e-13
8.588230492595592e3	-1.5502869872445746e1	-2.799082927279742e-13
8.59533542563537e3	-1.5502869887742264e1	-3.288205998114298e-13
8.609545291714927e3	-1.550286991819841e1	-6.861739569965558e-13
8.616650224754705e3	-1.5502869934195834e1	5.93784236363923e-13
8.623755157794483e3	-1.550286995169636e1	1.092266148761652e-12
8.63796502387404e3	-1.5502869976315216e1	5.615755966413228e-13
8.645069956913818e3	-1.5502869993502673e1	4.664970522046265e-13
8.659279822993374e3	-1.5502870021533239e1	4.9479562169861346e-14
8.666384756033152e3	-1.5502870035148998e1	-4.625939208761503e-13
8.67348968907293e3	-1.5502870050090282e1	-2.7719171332335913e-13
8.687699555152487e3	-1.5502870083536054e1	4.945093920678619e-13
8.694804488192265e3	-1.5502870097191916e1	9.662904167287369e-13
8.701909421232043e3	-1.5502870110956888e1	7.371141576458012e-13
8.7161192873116e3	-1.5502870142215903e1	8.631124411041916e-14
8.723224220351378e3	-1.5502870157844807e1	-2.402368659053289e-13
8.737434086430934e3	-1.5502870187475393e1	5.606527229227806e-13
8.744539019470712e3	-1.5502870202921331e1	7.950279529352546e-13
8.75164395251049e3	-1.5502870218790278e1	1.577212001712266e-14
8.765853818590047e3	-1.5502870248702855e1	4.4347898571682656e-13
8.772958751629825e3	-1.5502870265096263e1	-2.4925396663663456e-13
8.787168617709382e3	-1.5502870293741166e1	-4.0934306648047364e-13
8.79427355074916e3	-1.550287030956865e1	5.484211767018545e-13
8.801378483788938e3	-1.5502870322822867e1	2.587047486266588e-13
8.815588349868494e3	-1.5502870353555254e1	4.250874308970413e-13
8.822693282908273e3	-1.55028703669782e1	4.552681770538727e-13
8.836903148987829e3	-1.550287039479009e1	-3.763503310421083e-13
8.844008082027607e3	-1.5502870414980741e1	6.833567635399512e-13
8.851113015067385e3	-1.5502870430785496e1	6.902176010529001e-13
8.865322881146942e3	-1.5502870459225242e1	1.0489778202413368e-12
8.87242781418672e3	-1.5502870472174457e1	1.809942712391727e-13
8.886637680266276e3	-1.550287050605033e1	-4.749156727989237e-14
8.893742613306054e3	-1.5502870519943395e1	-3.3809790929798873e-14
8.900847546345833e3	-1.5502870535525512e1	4.587532396489542e-13
8.915057412425389e3	-1.5502870562568255e1	8.923460273920207e-13
8.922162345465167e3	-1.5502870578830068e1	-4.988201837795656e-14
8.936372211544724e3	-1.5502870609351994e1	-2.825259928056312e-13
8.943477144584502e3	-1.5502870627566816e1	6.624030198436599e-13
8.95058207762428e3	-1.5502870642179214e1	-6.835562569189803e-13
8.964791943703836e3	-1.5502870673516352e1	6.293912024299085e-13
8.971896876743614e3	-1.55028706909006e1	9.074242573952057e-13
8.98610674282317e3	-1.5502870718824958e1	-6.187781546665196e-13
8.993211675862949e3	-1.5502870735744198e1	-3.1456116002475344e-13
9.000316608902727e3	-1.5502870749917793e1	2.309890467444032e-13
9.014526474982284e3	-1.5502870776927086e1	6.01151613587114e-13
9.021631408022062e3	-1.55028707972648e1	1.2404498306912293e-13
9.035841274101618e3	-1.5502870825480892e1	9.665939936099222e-13
9.042946207141396e3	-1.5502870842241885e1	9.707868240192279e-13
9.050051140181175e3	-1.5502870861357655e1	9.004020904540318e-13
9.064261006260731e3	-1.5502870892181283e1	3.3195177849942543e-13
9.07136593930051e3	-1.5502870909529731e1	5.421033081248617e-13
9.078470872340287e3	-1.5502870922885425e1	4.447782947679859e-13
9.092680738419844e3	-1.550287095406431e1	-3.579431636970268e-13
9.099785671459622e3	-1.5502870972072325e1	1.948928882186374e-13
9.113995537539178e3	-1.5502871001320974e1	2.716527362870194e-13
9.121100470578956e3	-1.5502871018587362e1	3.2622545115929314e-13
9.128205403618735e3	-1.5502871033296255e1	7.103005127817482e-14
9.142415269698291e3	-1.5502871065681594e1	-2.5996589372703847e-13
9.14952020273807e3	-1.5502871083926461e1	7.4192628489264e-13
9.163730068817626e3	-1.5502871117213711e1	-6.025515366902855e-13
9.170835001857404e3	-1.5502871136494257e1	-3.6053137344907454e-13
9.177939934897182e3	-1.5502871152732009e1	4.672655353951406e-13
9.192149800976738e3	-1.5502871185414376e1	6.994168479129265e-13
9.199254734016517e3	-1.5502871198408895e1	8.25149718440994e-13
9.213464600096073e3	-1.5502871232650827e1	3.828676929981871e-13
9.220569533135851e3	-1.5502871245235806e1	-2.6786583153588523e-13
9.22767446617563e3	-1.5502871263699506e1	2.411059631478343e-13
9.241884332255186e3	-1.5502871297301882e1	-5.059152091722644e-13
9.248989265294964e3	-1.5502871313940153e1	1.0812385017150953e-12
9.26319913137452e3	-1.5502871346379091e1	8.518696881532576e-13
9.270304064414298e3	-1.5502871362944944e1	4.860855672985602e-13
9.277408997454077e3	-1.5502871377065901e1	9.318387775361726e-13
9.291618863533633e3	-1.5502871413907165e1	-2.9167666736464714e-14
9.298723796573411e3	-1.5502871427425816e1	1.8246358334373573e-13
9.312933662652968e3	-1.5502871460154681e1	-4.0504094839402773e-13
9.320038595692746e3	-1.5502871476204513e1	9.74289233864721e-13
9.327143528732524e3	-1.550287149573401e1	7.804840182429435e-13
9.34135339481208e3	-1.550287153083698e1	1.5505319306760581e-13
9.348458327851858e3	-1.5502871546792957e1	4.4861724127020667e-13
9.362668193931415e3	-1.550287158239194e1	-1.4422677412492328e-13
9.369773126971193e3	-1.5502871601723568e1	-7.131732174395556e-13
9.376878060010971e3	-1.5502871617898322e1	9.030024432813952e-13
9.391087926090528e3	-1.550287165244841e1	1.04497060541091e-12
9.398192859130306e3	-1.5502871671864842e1	6.368036825040217e-13
9.412402725209862e3	-1.5502871708722832e1	-2.924971923061552e-13
9.41950765824964e3	-1.550287172422644e1	5.122989973006464e-14
9.426612591289419e3	-1.5502871744645152e1	6.355061081779371e-13
9.440822457368975e3	-1.5502871779162403e1	7.152236624307978e-13
9.447927390408753e3	-1.550287179953252e1	2.995453801228741e-13
9.455032323448531e3	-1.550287181683954e1	4.3115896851919214e-13
9.469242189528088e3	-1.5502871853605633e1	2.3545075953414316e-13
9.476347122567866e3	-1.5502871869300458e1	9.41707628259656e-13
9.490556988647422e3	-1.5502871907992233e1	-1.421138790324453e-13
9.4976619216872e3	-1.5502871926552093e1	5.491653737419206e-13
9.504766854726979e3	-1.5502871943744344e1	4.631837273881117e-13
9.518976720806535e3	-1.5502871982310301e1	9.564510563311106e-13
9.526081653846313e3	-1.5502871998358566e1	-3.906462000546215e-13
9.54029151992587e3	-1.5502872032843e1	-3.7315496752793134e-13
9.547396452965648e3	-1.5502872049906811e1	-7.026521101030474e-13
9.554501386005426e3	-1.5502872068820782e1	-2.4781761430780634e-13
9.568711252084982e3	-1.5502872105965027e1	2.7343082944780594e-13
9.57581618512476e3	-1.5502872121945407e1	6.132686679558422e-13
9.590026051204317e3	-1.5502872158489144e1	9.038004167974964e-13
9.597130984244095e3	-1.5502872173854682e1	9.8575056217025e-13
9.604235917283873e3	-1.5502872193664567e1	-4.92084246469221e-13
9.61844578336343e3	-1.550287223276206e1	1.0089473053366683e-12
9.625550716403208e3	-1.5502872245981951e1	6.541544023029311e-13
9.639760582482764e3	-1.5502872286781908e1	8.438656668424154e-13
9.646865515522542e3	-1.5502872303029065e1	-1.2614573508638394e-13
9.65397044856232e3	-1.5502872323492387e1	-3.651110475412067e-13
9.668180314641877e3	-1.5502872355565904e1	5.283486733233911e-13
9.675285247681655e3	-1.5502872375944966e1	1.2963426713152815e-13
9.689495113761212e3	-1.5502872411617968e1	-3.228704929418885e-13
9.69660004680099e3	-1.5502872425740827e1	1.264909453683268e-13
9.703704979840768e3	-1.5502872445797799e1	9.327529776296697e-13
9.717914845920324e3	-1.5502872479255867e1	-8.785861884155529e-14
9.725019778960102e3	-1.5502872500046852e1	-6.134074459586596e-13
9.739229645039659e3	-1.5502872534706476e1	-2.6375800265332993e-13
9.746334578079437e3	-1.5502872550696273e1	1.0017481964419543e-12
9.753439511119215e3	-1.5502872571735077e1	9.460513797470718e-13
9.767649377198772e3	-1.5502872606294686e1	1.982565200613062e-13
9.77475431023855e3	-1.550287262584977e1	9.607896036434163e-13
9.788964176318106e3	-1.5502872665057524e1	-5.258471998231135e-14
9.796069109357884e3	-1.5502872680750032e1	6.492832944050216e-13
9.803174042397663e3	-1.5502872700456246e1	7.905315456450763e-13
9.817383908477219e3	-1.550287273821131e1	6.542168524042241e-13
9.824488841516997e3	-1.5502872756235954e1	-5.770580175778062e-13
9.831593774556775e3	-1.5502872771148798e1	4.622521800444257e-13
9.845803640636332e3	-1.5502872807109258e1	5.547511883542898e-13
9.85290857367611e3	-1.5502872825004054e1	8.92934099179079e-13
9.867118439755666e3	-1.5502872860311214e1	-2.531848535657473e-13
9.874223372795444e3	-1.550287287637045e1	2.3615852734840204e-13
9.881328305835223e3	-1.550287289742927e1	2.184140249666167e-13
9.895538171914779e3	-1.550287293179472e1	9.181431233859642e-13
9.902643104954557e3	-1.5502872950121223e1	-6.486414461421364e-13
9.916852971034114e3	-1.5502872987870589e1	1.0198812772316043e-12
9.923957904073892e3	-1.5502873002228753e1	9.972934225524354e-14
9.93106283711367e3	-1.5502873025161424e1	3.4191430437482265e-15
9.945272703193226e3	-1.5502873059387355e1	-4.691893454589258e-13
9.952377636233005e3	-1.5502873076814486e1	-1.0985493228383828e-13
9.96658750231256e3	-1.550287311505244e1	-2.3845530329458964e-13
9.973692435352339e3	-1.5502873134296163e1	-6.624221018192362e-14
9.980797368392117e3	-1.5502873151626138e1	1.0889215988948088e-13
9.995007234471674e3	-1.550287318600333e1	-7.693679002195861e-14
1.0002112167511452e4	-1.550287320795743e1	6.948996239222632e-13