energy	bound difference	node count
-2e0	3.587386660900106e-5	1.6e1
-1.9959919839679356e0	3.6036079948458964e-5	1.6e1
-1.9919839679358717e0	3.7545077189715415e-5	1.6e1
-1.9879759519038076e0	4.049328642977887e-5	1.6e1
-1.9839679358717437e0	4.0072755797583595e-5	1.6e1
-1.9799599198396793e0	4.1773988058794845e-5	1.6e1
-1.9759519038076154e0	4.153705601691553e-5	1.6e1
-1.971943887775551e0	4.18860461908889e-5	1.6e1
-1.9679358717434867e0	4.5176301496955266e-5	1.6e1
-1.9639278557114228e0	4.560959889551283e-5	1.6e1
-1.9599198396793587e0	4.6074230489415524e-5	1.6e1
-1.9559118236472948e0	4.810307287527887e-5	1.6e1
-1.9519038076152304e0	4.864562575809903e-5	1.6e1
-1.9478957915831665e0	4.922115077259993e-5	1.6e1
-1.9438877755511021e0	5.022859650395e-5	1.6e1
-1.9398797595190378e0	5.416062239820365e-5	1.6e1
-1.9358717434869739e0	5.487610922549134e-5	1.6e1
-1.9318637274549098e0	5.5627853307321254e-5	1.6e1
-1.9278557114228458e0	5.470579069724637e-5	1.6e1
-1.9238476953907815e0	5.811941598833473e-5	1.6e1
-1.9198396793587176e0	5.899379520759453e-5	1.6e1
-1.9158316633266532e0	6.172678598686493e-5	1.6e1
-1.9118236472945893e0	6.270215508744898e-5	1.6e1
-1.907815631262525e0	6.348427525648575e-5	1.6e1
-1.9038076152304608e0	6.567160340019681e-5	1.6e1
-1.899799599198397e0	6.728894139527201e-5	1.6e1
-1.8957915831663326e0	6.846545594227089e-5	1.6e1
-1.8917835671342687e0	6.768339383821995e-5	1.6e1
-1.8877755511022043e0	6.89258888283242e-5	1.6e1
-1.8837675350701404e0	7.02157292182585e-5	1.6e1
-1.8797595190380763e0	7.72190449463248e-5	1.6e1
-1.875751503006012e0	7.432270105901042e-5	1.6e1
-1.871743486973948e0	7.688370673480073e-5	1.6e1
-1.8677354709418836e0	7.84211153379045e-5	1.6e1
-1.8637274549098197e0	8.001329218621927e-5	1.6e1
-1.8597194388777554e0	8.568105910346539e-5	1.6e1
-1.8557114228456915e0	8.26800328421088e-5	1.6e1
-1.8517034068136273e0	8.444401290229144e-5	1.6e1
-1.847695390781563e0	8.807934756335378e-5	1.6e1
-1.843687374749499e0	9.00041276891314e-5	1.6e1
-1.8396793587174347e0	9.199397174543894e-5	1.6e1
-1.8356713426853708e0	9.148048477906376e-5	1.6e1
-1.8316633266533064e0	9.965537333658453e-5	1.6e1
-1.8276553106212425e0	9.64514177663304e-5	1.6e1
-1.8236472945891784e0	1.037665284050969e-4	1.6e1
-1.8196392785571145e0	1.0618186267280825e-4	1.6e1
-1.8156312625250501e0	1.0287879402623388e-4	1.6e1
-1.8116232464929858e0	1.0781577090016706e-4	1.6e1
-1.8076152304609219e0	1.1118033846727698e-4	1.6e1
-1.8036072144288577e0	1.1667088004824987e-4	1.6e1
-1.7995991983967936e0	1.131506789356326e-4	1.6e1
-1.7955911823647295e0	1.1284766972790364e-4	1.6e1
-1.7915831663326656e0	1.1855164160881156e-4	1.6e1
-1.7875751503006012e0	1.2156301964384786e-4	1.6e1
-1.7835671342685369e0	1.2786275317714307e-4	1.6e1
-1.779559118236473e0	1.2417682593052808e-4	1.6e1
-1.7755511022044088e0	1.3437486463078926e-4	1.6e1
-1.771543086172345e0	1.287786084225262e-4	1.6e1
-1.7675350701402806e0	1.3571608952820302e-4	1.6e1
-1.7635270541082166e0	1.3928949366268697e-4	1.6e1
-1.7595190380761523e0	1.430256446144995e-4	1.6e1
-1.755511022044088e0	1.5105817984377087e-4	1.6e1
-1.751503006012024e0	1.4683560815123586e-4	1.6e1
-1.74749498997996e0	1.552061476855544e-4	1.6e1
-1.743486973947896e0	1.5093554531451185e-4	1.6e1
-1.7394789579158316e0	1.5530326311829096e-4	1.6e1
-1.7354709418837677e0	1.6443845536563006e-4	1.6e1
-1.7314629258517034e0	1.6217565323552185e-4	1.6e1
-1.7274549098196395e0	1.7185418151294921e-4	1.6e1
-1.723446893787575e0	1.7236714876480924e-4	1.6e1
-1.719438877755511e0	1.8365626793304395e-4	1.6e1
-1.715430861723447e0	1.7858728432900003e-4	1.6e1
-1.7114228456913827e0	1.8973726506992417e-4	1.6e1
-1.7074148296593188e0	1.9063619954557976e-4	1.6e1
-1.7034068136272544e0	1.9075202156594256e-4	1.6e1
-1.6993987975951903e0	1.9175071727026767e-4	1.6e1
-1.6953907815631264e0	2.0416819098864364e-4	1.6e1
-1.691382765531062e0	2.0544002402850936e-4	1.6e1
-1.6873747494989981e0	2.1917359583523784e-4	1.6e1
-1.6833667334669338e0	2.1928636327974845e-4	1.6e1
-1.6793587174348699e0	2.1770474193141484e-4	1.6e1
-1.6753507014028055e0	2.2420094719611438e-4	1.6e1
-1.6713426853707414e0	2.3972125209922561e-4	1.6e1
-1.6673346693386775e0	2.4177603328631164e-4	1.6e1
-1.6633266533066133e0	2.439271041148325e-4	1.6e1
-1.6593186372745492e0	2.4990363836120677e-4	1.6e1
-1.6553106212424848e0	2.681412089761971e-4	1.6e1
-1.651302605210421e0	2.7085982086235425e-4	1.6e1
-1.6472945891783566e0	2.628412919973124e-4	1.6e1
-1.6432865731462927e0	2.737808077095883e-4	1.6e1
-1.6392785571142285e0	2.76743718110992e-4	1.6e1
-1.6352705410821644e0	2.798209799807393e-4	1.6e1
-1.6312625250501003e0	2.830147308835984e-4	1.6e1
-1.6272545090180361e0	3.0478900141772106e-4	1.6e1
-1.623246492985972e0	2.9894536916241755e-4	1.6e1
-1.6192384769539079e0	3.3217494399955574e-4	1.6e1
-1.6152304609218437e0	3.365446334205283e-4	1.6e1
-1.6112224448897796e0	3.525983092581158e-4	1.6e1
-1.6072144288577155e0	3.574708429328329e-4	1.6e1
-1.6032064128256514e0	3.625049595922465e-4	1.6e1
-1.5991983967935872e0	3.6770471418687576e-4	1.6e1
-1.595190380761523e0	3.7307435363194294e-4	1.6e1
-1.591182364729459e0	3.918385075598988e-4	1.6e1
-1.5871743486973948e0	3.978125656674355e-4	1.6e1
-1.5831663326653307e0	4.300007150415973e-4	1.6e1
-1.5791583166332666e0	4.369444827358351e-4	1.6e1
-1.5751503006012024e0	4.441082521462382e-4	1.6e1
-1.5711422845691383e0	4.51498540268741e-4	1.6e1
-1.5671342685370742e0	4.591221660297966e-4	1.6e1
-1.56312625250501e0	4.76750749484819e-4	1.6e1
-1.5591182364729461e0	4.760562856605232e-4	1.6e1
-1.5551102204408818e0	5.03339111884256e-4	1.6e1
-1.5511022044088176e0	5.124804219501915e-4	1.6e1
-1.5470941883767535e0	5.560617549556239e-4	1.6e1
-1.5430861723446894e0	5.231374873408272e-4	1.6e1
-1.5390781563126252e0	5.330394393448238e-4	1.6e1
-1.535070140280561e0	6.046052327222356e-4	1.6e1
-1.5310621242484972e0	6.20032517423228e-4	1.6e1
-1.5270541082164328e0	6.231281873162666e-4	1.6e1
-1.5230460921843687e0	6.359794662100064e-4	1.6e1
-1.5190380761523046e0	6.49248657484187e-4	1.6e1
-1.5150300601202404e0	7.147465178696068e-4	1.6e1
-1.5110220440881765e0	6.820876947578884e-4	1.6e1
-1.5070140280561122e0	7.535740865039109e-4	1.6e1
-1.5030060120240483e0	7.706277536820719e-4	1.6e1
-1.498997995991984e0	8.163763891894712e-4	1.6e1
-1.49498997995992e0	8.355818226426857e-4	1.6e1
-1.4909819639278556e0	9.372007944348933e-4	1.6e1
-1.4869739478957915e0	8.639892769026472e-4	1.6e1
-1.4829659318637276e0	9.717298732386413e-4	1.6e1
-1.4789579158316633e0	9.432399282587082e-4	1.6e1
-1.4749498997995993e0	1.0687758674490762e-3	1.6e1
-1.470941883767535e0	1.065502793373135e-3	1.6e1
-1.466933867735471e0	1.1467843006447778e-3	1.6e1
-1.4629258517034067e0	1.3253933146624391e-3	1.6e1
-1.4589178356713428e0	1.1961262200167002e-3	1.6e1
-1.4549098196392787e0	1.3882007797875757e-3	1.6e1
-1.4509018036072145e0	1.4129092434822786e-3	1.6e1
-1.4468937875751504e0	1.4830215257658152e-3	1.6e1
-1.442885771543086e0	1.6311517542814242e-3	1.6e1
-1.4388777555110221e0	1.6651052244681594e-3	1.6e1
-1.4348697394789578e0	1.720831934132281e-3	1.6e1
-1.4308617234468939e0	1.7584400998965554e-3	1.6e1
-1.4268537074148298e0	2.1537287015374953e-3	1.6e1
-1.4228456913827656e0	2.4523159051138242e-3	1.6e1
-1.4188376753507015e0	2.084824158564513e-3	1.6e1
-1.4148296593186371e0	2.6333756804917084e-3	1.6e1
-1.4108216432865732e0	2.884287919922096e-3	1.6e1
-1.406813627254509e0	2.9842358913716397e-3	1.6e1
-1.402805611222445e0	4.143089785267628e-3	1.6e1
-1.3987975951903808e0	4.34202041697174e-3	1.6e1
-1.3947895791583167e0	3.363564646350122e-3	1.6e1
-1.3907815631262526e0	4.069574949689896e-3	1.6e1
-1.3867735470941882e0	6.3664259872610665e-3	1.6e1
-1.3827655310621243e0	6.818297528441111e-3	1.6e1
-1.3787575150300602e0	7.33473424583439e-3	1.6e1
-1.3747494989979963e0	1.8842338099817446e-2	1.7e1
-1.370741482965932e0	3.875859117864433e-2	1.7e1
-1.3667334669338678e0	6.087159188933189e-2	1.7e1
-1.3627254509018036e0	1.3957491725916427e-1	1.7e1
-1.3587174348697395e0	-3.632398402259995e-2	1.7e1
-1.3547094188376754e0	-2.7503258480065407e-2	1.7e1
-1.3507014028056112e0	-1.6233393797546847e-2	1.7e1
-1.3466933867735473e0	-1.4275574736027336e-2	1.7e1
-1.342685370741483e0	-1.3454342034947192e-2	1.7e1
-1.3386773547094188e0	-5.636265125067475e-3	1.7e1
-1.3346693386773547e0	-5.412761148487429e-3	1.7e1
-1.3306613226452906e0	-5.209988953591486e-3	1.7e1
-1.3266533066132264e0	-3.8946864827956885e-3	1.7e1
-1.3226452905811623e0	-4.536051466380087e-3	1.7e1
-1.3186372745490984e0	-4.403425572361036e-3	1.7e1
-1.314629258517034e0	-4.2808839160725105e-3	1.7e1
-1.31062124248497e0	-3.151587072193026e-3	1.7e1
-1.3066132264529058e0	-3.0977226231186745e-3	1.7e1
-1.3026052104208417e0	-2.9313837541918124e-3	1.7e1
-1.2985971943887777e0	-2.8881519066205966e-3	1.7e1
-1.2945891783567134e0	-2.4796751680564227e-3	1.7e1
-1.2905811623246495e0	-2.4532618850440662e-3	1.7e1
-1.2865731462925851e0	-2.4282136627295278e-3	1.7e1
-1.282565130260521e0	-2.2625417477197484e-3	1.7e1
-1.2785571142284569e0	-2.2437403634371147e-3	1.7e1
-1.274549098196393e0	-2.2259129961714635e-3	1.7e1
-1.2705410821643288e0	-2.00356299825436e-3	1.7e1
-1.2665330661322645e0	-1.992199466566324e-3	1.7e1
-1.2625250501002006e0	-1.9299938720766685e-3	1.7e1
-1.2585170340681362e0	-1.9207769483203776e-3	1.7e1
-1.2545090180360723e0	-1.7692906491850516e-3	1.7e1
-1.250501002004008e0	-1.824879571695675e-3	1.7e1
-1.246492985971944e0	-1.69417555695546e-3	1.7e1
-1.24248496993988e0	-1.6902493125357792e-3	1.7e1
-1.2384769539078158e0	-1.586343291080287e-3	1.7e1
-1.2344689378757516e0	-1.6742353857292778e-3	1.7e1
-1.2304609218436873e0	-1.5361149808170225e-3	1.7e1
-1.2264529058116234e0	-1.6147436037224805e-3	1.7e1
-1.2224448897795592e0	-1.51826574853927e-3	1.7e1
-1.218436873747495e0	-1.4473111776028091e-3	1.7e1
-1.214428857715431e0	-1.5106717536327876e-3	1.7e1
-1.2104208416833668e0	-1.4423563946083105e-3	1.7e1
-1.2064128256513027e0	-1.4725795712155038e-3	1.7e1
-1.2024048096192383e0	-1.4247740819086677e-3	1.7e1
-1.1983967935871744e0	-1.3952304810505923e-3	1.7e1
-1.1943887775551103e0	-1.3914527710806909e-3	1.7e1
-1.1903807615230462e0	-1.3935228316314765e-3	1.7e1
-1.186372745490982e0	-1.3901458324298876e-3	1.7e1
-1.182364729458918e0	-1.3452854830223954e-3	1.7e1
-1.1783567134268538e0	-1.3249312938577909e-3	1.7e1
-1.1743486973947894e0	-1.3656913413369373e-3	1.7e1
-1.1703406813627255e0	-1.326601038538347e-3	1.7e1
-1.1663326653306614e0	-1.3171457522276379e-3	1.7e1
-1.1623246492985972e0	-1.2869288900242402e-3	1.7e1
-1.1583166332665331e0	-1.286818359707964e-3	1.7e1
-1.154308617234469e0	-1.2852451532630958e-3	1.7e1
-1.1503006012024048e0	-1.2623040220565982e-3	1.7e1
-1.1462925851703407e0	-1.25327026260734e-3	1.7e1
-1.1422845691382766e0	-1.254521291315225e-3	1.7e1
-1.1382765531062125e0	-1.2558952425115078e-3	1.7e1
-1.1342685370741483e0	-1.2415352522667834e-3	1.7e1
-1.1302605210420842e0	-1.2435853761197523e-3	1.7e1
-1.12625250501002e0	-1.2394604617349183e-3	1.7e1
-1.122244488977956e0	-1.2419315553073892e-3	1.7e1
-1.1182364729458918e0	-1.2418575731103756e-3	1.7e1
-1.1142284569138279e0	-1.2446272633841265e-3	1.7e1
-1.1102204408817637e0	-1.2474914254524134e-3	1.7e1
-1.1062124248496994e0	-1.2504479249672508e-3	1.7e1
-1.1022044088176353e0	-1.2463666631852021e-3	1.7e1
-1.0981963927855711e0	-1.252884880484695e-3	1.7e1
-1.094188376753507e0	-1.2500771232511216e-3	1.7e1
-1.0901803607214429e0	-1.2536777131262385e-3	1.7e1
-1.086172344689379e0	-1.2577178865299829e-3	1.7e1
-1.0821643286573148e0	-1.2618318212420383e-3	1.7e1
-1.0781563126252505e0	-1.2660173979816038e-3	1.7e1
-1.0741482965931863e0	-1.2718313517902523e-3	1.7e1
-1.0701402805611222e0	-1.2767892929031815e-3	1.7e1
-1.066132264529058e0	-1.281809943140367e-3	1.7e1
-1.0621242484969942e0	-1.293595485611592e-3	1.7e1
-1.05811623246493e0	-1.3016082539152834e-3	1.7e1
-1.054108216432866e0	-1.307399112167039e-3	1.7e1
-1.0501002004008018e0	-1.3263694323238158e-3	1.7e1
-1.0460921843687374e0	-1.3256471406594356e-3	1.7e1
-1.0420841683366733e0	-1.3484629815674765e-3	1.7e1
-1.0380761523046094e0	-1.3553499096052054e-3	1.7e1
-1.0340681362725452e0	-1.3847781675943658e-3	1.7e1
-1.030060120240481e0	-1.392445147698319e-3	1.7e1
-1.026052104208417e0	-1.3882072345416697e-3	1.7e1
-1.0220440881763528e0	-1.4160921113587856e-3	1.7e1
-1.0180360721442885e0	-1.4406339532502105e-3	1.7e1
-1.0140280561122244e0	-1.4492029576864344e-3	1.7e1
-1.0100200400801604e0	-1.4956454089464725e-3	1.7e1
-1.0060120240480963e0	-1.4685692838080908e-3	1.7e1
-1.0020040080160322e0	-1.517567311269276e-3	1.7e1
-9.97995991983968e-1	-1.5827002497156894e-3	1.7e1
-9.939879759519039e-1	-1.5688230697625677e-3	1.7e1
-9.899799599198398e-1	-1.6369512390654623e-3	1.7e1
-9.859719438877755e-1	-1.6529882590688536e-3	1.7e1
-9.819639278557114e-1	-1.6654429072279547e-3	1.7e1
-9.779559118236474e-1	-1.715539111464823e-3	1.7e1
-9.739478957915833e-1	-1.7335871726521842e-3	1.7e1
-9.699398797595191e-1	-1.8333432118467932e-3	1.7e1
-9.65931863727455e-1	-1.9759560139704572e-3	1.7e1
-9.61923847695391e-1	-1.889493360094678e-3	1.7e1
-9.579158316633266e-1	-1.9125978811486834e-3	1.7e1
-9.539078156312625e-1	-2.0666091154637406e-3	1.7e1
-9.498997995991985e-1	-2.095639300514434e-3	1.7e1
-9.458917835671343e-1	-2.198336407245683e-3	1.7e1
-9.418837675350702e-1	-2.409504483616481e-3	1.7e1
-9.378757515030062e-1	-2.4514735209908703e-3	1.7e1
-9.33867735470942e-1	-2.4948359235609265e-3	1.7e1
-9.298597194388779e-1	-2.659564661761298e-3	1.7e1
-9.258517034068137e-1	-3.0174845414669945e-3	1.7e1
-9.218436873747495e-1	-3.087448292827499e-3	1.7e1
-9.178356713426854e-1	-3.160637066221752e-3	1.7e1
-9.138276553106213e-1	-3.3446494891610805e-3	1.7e1
-9.098196392785572e-1	-3.431474716193805e-3	1.7e1
-9.058116232464931e-1	-4.129067347101693e-3	1.7e1
-9.01803607214429e-1	-3.912771413295145e-3	1.7e1
-8.977955911823647e-1	-6.337773008982556e-3	1.7e1
-8.937875751503006e-1	-6.694584675828393e-3	1.7e1
-8.897795591182365e-1	-7.094866230419834e-3	1.7e1
-8.857715430861725e-1	-7.547248916947972e-3	1.7e1
-8.817635270541083e-1	-1.0034451513452392e-2	1.7e1
-8.777555110220442e-1	-1.8988732812709574e-2	1.7e1
-8.737474949899801e-1	-5.7018880699462926e-2	1.8e1
-8.69739478957916e-1	-1.2113312522004982e-1	1.8e1
-8.657314629258517e-1	2.0526343596600494e-2	1.8e1
-8.617234468937875e-1	3.247063611700096e-2	1.8e1
-8.577154308617235e-1	1.211496786319051e-2	1.8e1
-8.537074148296594e-1	6.646861241190995e-3	1.8e1
-8.496993987975953e-1	7.617602232233636e-3	1.8e1
-8.456913827655312e-1	4.97145994121255e-3	1.8e1
-8.416833667334671e-1	4.710760650791512e-3	1.8e1
-8.376753507014028e-1	3.501811740003108e-3	1.8e1
-8.336673346693387e-1	3.772484178315374e-3	1.8e1
-8.296593186372746e-1	2.9361622697020202e-3	1.8e1
-8.256513026052105e-1	2.8307332165218605e-3	1.8e1
-8.216432865731463e-1	2.22059406181118e-3	1.8e1
-8.176352705410823e-1	2.5412857292345147e-3	1.8e1
-8.136272545090182e-1	2.10686525448728e-3	1.8e1
-8.09619238476954e-1	1.7891306406470856e-3	1.8e1
-8.056112224448898e-1	1.8630337434286477e-3	1.8e1
-8.016032064128257e-1	1.5963518554909784e-3	1.8e1
-7.975951903807615e-1	1.569207283572724e-3	1.8e1
-7.935871743486975e-1	1.3730215126236095e-3	1.8e1
-7.895791583166334e-1	1.3388145696767583e-3	1.8e1
-7.855711422845693e-1	1.2493199934594708e-3	1.8e1
-7.815631262525051e-1	1.2311180868246794e-3	1.8e1
-7.775551102204409e-1	1.0713688377569442e-3	1.8e1
-7.735470941883767e-1	1.057082500544111e-3	1.8e1
-7.695390781563126e-1	9.519442215872191e-4	1.8e1
-7.655310621242486e-1	9.398691876242176e-4	1.8e1
-7.615230460921845e-1	8.886857870307021e-4	1.8e1
-7.575150300601203e-1	8.674992854023e-4	1.8e1
-7.535070140280562e-1	8.474758321536772e-4	1.8e1
-7.494989979959922e-1	8.36587688794789e-4	1.8e1
-7.454909819639278e-1	7.137585731047015e-4	1.8e1
-7.414829659318638e-1	7.050735138658807e-4	1.8e1
-7.374749498997997e-1	6.710876075571538e-4	1.8e1
-7.334669338677355e-1	6.170102853132336e-4	1.8e1
-7.294589178356714e-1	6.093812283068223e-4	1.8e1
-7.254509018036074e-1	6.016794822927241e-4	1.8e1
-7.214428857715433e-1	5.837269383188344e-4	1.8e1
-7.174348697394791e-1	5.760412002272853e-4	1.8e1
-7.134268537074149e-1	5.215250262684436e-4	1.8e1
-7.094188376753507e-1	5.145355656077967e-4	1.8e1
-7.054108216432866e-1	5.074527667187635e-4	1.8e1
-7.014028056112226e-1	5.002740680786447e-4	1.8e1
-6.973947895791585e-1	4.5543291539254396e-4	1.8e1
-6.933867735470943e-1	4.487551456794773e-4	1.8e1
-6.893787575150302e-1	3.98544257793285e-4	1.8e1
-6.85370741482966e-1	3.9241393735371015e-4	1.8e1
-6.813627254509018e-1	4.0804751256703843e-4	1.8e1
-6.773547094188377e-1	3.7397332295027264e-4	1.8e1
-6.733466933867737e-1	3.7300340735033294e-4	1.8e1
-6.693386773547095e-1	3.426922940708507e-4	1.8e1
-6.653306613226454e-1	3.365645326097407e-4	1.8e1
-6.613226452905813e-1	3.184369033673061e-4	1.8e1
-6.573146292585172e-1	3.016167732221533e-4	1.8e1
-6.533066132264529e-1	3.1200679181268777e-4	1.8e1
-6.492985971943889e-1	2.8759039382368905e-4	1.8e1
-6.452905811623247e-1	2.8153510080383665e-4	1.8e1
-6.412825651302606e-1	2.8095286097947327e-4	1.8e1
-6.372745490981965e-1	2.6258286104243877e-4	1.8e1
-6.332665330661325e-1	2.4880841106362963e-4	1.8e1
-6.292585170340683e-1	2.5561631261151666e-4	1.8e1
-6.25250501002004e-1	2.3581814833120414e-4	1.8e1
-6.2124248496994e-1	2.247142676471204e-4	1.8e1
-6.172344689378758e-1	2.2089664787014078e-4	1.8e1
-6.132264529058117e-1	2.0912565313310449e-4	1.8e1
-6.092184368737477e-1	2.0792568458791327e-4	1.8e1
-6.052104208416835e-1	1.9199427241813e-4	1.8e1
-6.012024048096194e-1	1.9535738255019932e-4	1.8e1
-5.971943887775553e-1	1.9384504751584217e-4	1.8e1
-5.93186372745491e-1	1.8290774286197045e-4	1.8e1
-5.891783567134269e-1	1.6877760332135007e-4	1.8e1
-5.851703406813628e-1	1.6312435251904489e-4	1.8e1
-5.811623246492987e-1	1.6332296808668415e-4	1.8e1
-5.771543086172346e-1	1.5756949554102077e-4	1.8e1
-5.731462925851705e-1	1.4822641417298757e-4	1.8e1
-5.691382765531063e-1	1.4619830492908263e-4	1.8e1
-5.651302605210421e-1	1.4405553641104078e-4	1.8e1
-5.61122244488978e-1	1.3593792298230328e-4	1.8e1
-5.571142284569139e-1	1.336619235392821e-4	1.8e1
-5.531062124248498e-1	1.2499004554009628e-4	1.8e1
-5.490981963927857e-1	1.225430274342302e-4	1.8e1
-5.450901803607215e-1	1.1677226802429201e-4	1.8e1
-5.410821643286575e-1	1.141791456748088e-4	1.8e1
-5.370741482965934e-1	1.0731414535886866e-4	1.8e1
-5.33066132264529e-1	1.0524561213054218e-4	1.8e1
-5.29058116232465e-1	1.0239683631783904e-4	1.8e1
-5.250501002004009e-1	9.708139010034785e-5	1.8e1
-5.210420841683367e-1	9.408524392881163e-5	1.8e1
-5.170340681362726e-1	8.781183980093276e-5	1.8e1
-5.130260521042086e-1	8.402339956344038e-5	1.8e1
-5.090180360721445e-1	8.084882512366152e-5	1.8e1
-5.050100200400802e-1	7.70890446323094e-5	1.8e1
-5.010020040080161e-1	7.539048783097552e-5	1.8e1
-4.9699398797595196e-1	7.198104614217152e-5	1.8e1
-4.929859719438879e-1	6.75058923211164e-5	1.8e1
-4.8897795591182375e-1	6.428500870930567e-5	1.8e1
-4.8496993987975967e-1	6.433277014325676e-5	1.8e1
-4.8096192384769554e-1	5.8713362383964747e-5	1.8e1
-4.7695390781563146e-1	5.584383126445789e-5	1.8e1
-4.7294589178356716e-1	5.378424004633298e-5	1.8e1
-4.689378757515031e-1	5.004885092252889e-5	1.8e1
-4.6492985971943895e-1	4.635197251434262e-5	1.8e1
-4.609218436873749e-1	4.268872063371387e-5	1.8e1
-4.5691382765531074e-1	4.04775890381247e-5	1.8e1
-4.5290581162324667e-1	3.96183635669208e-5	1.8e1
-4.4889779559118254e-1	3.5861414024719715e-5	1.8e1
-4.4488977955911824e-1	3.4808319610102716e-5	1.8e1
-4.4088176352705416e-1	3.0334026812586688e-5	1.8e1
-4.3687374749499003e-1	2.909143909247053e-5	1.8e1
-4.3286573146292595e-1	2.4755573478234223e-5	1.8e1
-4.288577154308618e-1	2.3351038028178937e-5	1.8e1
-4.2484969939879774e-1	2.1842817176021063e-5	1.8e1
-4.208416833667336e-1	1.7938288740132142e-5	1.8e1
-4.1683366733466953e-1	1.6034968016182155e-5	1.8e1
-4.1282565130260523e-1	1.4266072756828255e-5	1.8e1
-4.0881763527054116e-1	1.2390250681005944e-5	1.8e1
-4.04809619238477e-1	8.85912980128105e-6	1.8e1
-4.0080160320641295e-1	6.824797552689013e-6	1.8e1
-3.967935871743488e-1	5.036124778632109e-6	1.8e1
-3.9278557114228474e-1	2.8268051066697035e-6	1.8e1
-3.887775551102206e-1	1.6307426859753509e-6	1.8e1
-3.847695390781563e-1	-6.898524055355925e-8	1.8e1
-3.8076152304609223e-1	-2.5285081680097015e-6	1.8e1
-3.767535070140281e-1	-3.910018208231211e-6	1.8e1
-3.72745490981964e-1	-6.164820152581773e-6	1.8e1
-3.6873747494989995e-1	-8.874383880841577e-6	1.8e1
-3.647294589178358e-1	-1.0426583539586267e-5	1.8e1
-3.6072144288577174e-1	-1.20391591601396e-5	1.8e1
-3.567134268537076e-1	-1.443791975631655e-5	1.8e1
-3.527054108216433e-1	-1.61497112547038e-5	1.8e1
-3.4869739478957923e-1	-1.822106548555629e-5	1.8e1
-3.446893787575151e-1	-2.0098292705890426e-5	1.8e1
-3.40681362725451e-1	-2.2035856571505896e-5	1.8e1
-3.366733466933869e-1	-2.403417787526278e-5	1.8e1
-3.326653306613228e-1	-2.546114128375616e-5	1.8e1
-3.286573146292587e-1	-2.6179113685440552e-5	1.8e1
-3.2464929859719444e-1	-2.8358926826785114e-5	1.8e1
-3.2064128256513047e-1	-3.0601544252916546e-5	1.8e1
-3.166332665330662e-1	-3.2343621897663905e-5	1.8e1
-3.1262525050100226e-1	-3.4455506959911606e-5	1.8e1
-3.08617234468938e-1	-3.475328207707151e-5	1.8e1
-3.046092184368737e-1	-3.747360560964682e-5	1.8e1
-3.006012024048098e-1	-3.9030699121504135e-5	1.8e1
-2.965931863727455e-1	-4.019503203660468e-5	1.8e1
-2.925851703406816e-1	-4.2435534062139784e-5	1.8e1
-2.885771543086173e-1	-4.371426427810865e-5	1.8e1
-2.845691382765534e-1	-4.564599809851485e-5	1.8e1
-2.805611222444891e-1	-4.7056592787775624e-5	1.8e1
-2.765531062124248e-1	-4.873042246062091e-5	1.8e1
-2.725450901803609e-1	-5.028913619965238e-5	1.8e1
-2.685370741482966e-1	-5.126194608611093e-5	1.8e1
-2.645290581162327e-1	-5.357330917146508e-5	1.8e1
-2.605210420841684e-1	-5.53464506377753e-5	1.8e1
-2.5651302605210446e-1	-5.677567199257383e-5	1.8e1
-2.5250501002004017e-1	-5.789181573345636e-5	1.8e1
-2.484969939879759e-1	-5.9297850118370933e-5	1.8e1
-2.4448897795591198e-1	-6.220730512935781e-5	1.8e1
-2.4048096192384769e-1	-6.361130982737155e-5	1.8e1
-2.3647294589178378e-1	-6.511400513352415e-5	1.8e1
-2.3246492985971948e-1	-6.545901258535421e-5	1.8e1
-2.2845691382765557e-1	-6.714762628137782e-5	1.8e1
-2.2444889779559127e-1	-6.89365890136139e-5	1.8e1
-2.2044088176352736e-1	-7.116865456575271e-5	1.8e1
-2.1643286573146306e-1	-7.315868956874106e-5	1.8e1
-2.124248496993988e-1	-7.37856864212337e-5	1.8e1
-2.0841683366733485e-1	-7.597242319860117e-5	1.8e1
-2.0440881763527058e-1	-7.827071293400085e-5	1.8e1
-2.0040080160320664e-1	-7.903659707641355e-5	1.8e1
-1.9639278557114237e-1	-8.123828886446075e-5	1.8e1
-1.9238476953907843e-1	-8.222317950008961e-5	1.8e1
-1.8837675350701416e-1	-8.495917836905177e-5	1.8e1
-1.8436873747494986e-1	-8.616212053738814e-5	1.8e1
-1.8036072144288595e-1	-8.719235272935765e-5	1.8e1
-1.7635270541082165e-1	-8.977101376865273e-5	1.8e1
-1.7234468937875774e-1	-9.133264852650324e-5	1.8e1
-1.6833667334669344e-1	-9.301695403167567e-5	1.8e1
-1.6432865731462953e-1	-9.454651547534103e-5	1.8e1
-1.6032064128256523e-1	-9.634744790479498e-5	1.8e1
-1.5631262525050096e-1	-9.869197875626707e-5	1.8e1
-1.5230460921843705e-1	-1.0035177808708854e-4	1.8e1
-1.4829659318637275e-1	-1.0269782858987675e-4	1.8e1
-1.4428857715430884e-1	-1.0465236860796525e-4	1.8e1
-1.4028056112224455e-1	-1.0591296622046107e-4	1.8e1
-1.3627254509018064e-1	-1.0816901941753092e-4	1.8e1
-1.3226452905811634e-1	-1.1112045969918584e-4	1.8e1
-1.2825651302605204e-1	-1.1206247201536275e-4	1.8e1
-1.2424849699398813e-1	-1.1495387849419886e-4	1.8e1
-1.2024048096192384e-1	-1.1677160153522966e-4	1.8e1
-1.1623246492985992e-1	-1.2006402110556935e-4	1.8e1
-1.1222444889779563e-1	-1.2186323377439013e-4	1.8e1
-1.0821643286573172e-1	-1.2426205689372726e-4	1.8e1
-1.0420841683366742e-1	-1.2687578553752032e-4	1.8e1
-1.0020040080160351e-1	-1.2892047888252064e-4	1.8e1
-9.619238476953922e-2	-1.319932953711283e-4	1.8e1
-9.218436873747493e-2	-1.3478210296974442e-4	1.8e1
-8.817635270541102e-2	-2.0151217737752314e-4	1.8e1
-8.416833667334672e-2	-2.0750598644529903e-4	1.8e1
-8.016032064128281e-2	-2.1259280398474e-4	1.8e1
-7.615230460921853e-2	-2.1983632396155582e-4	1.8e1
-7.21442885771546e-2	-2.2578686965878548e-4	1.8e1
-6.813627254509032e-2	-2.3518936620668698e-4	1.8e1
-6.412825651302602e-2	-2.4148087205462128e-4	1.8e1
-6.012024048096211e-2	-2.5083135962808325e-4	1.8e1
-5.611222444889782e-2	-2.592547723762832e-4	1.8e1
-5.21042084168339e-2	-2.7087658868160506e-4	1.8e1
-4.809619238476961e-2	-2.815817867004308e-4	1.8e1
-4.408817635270569e-2	-2.9324384340080996e-4	1.8e1
-4.0080160320641406e-2	-3.044221569689827e-4	1.8e1
-3.6072144288577114e-2	-3.1885545743355154e-4	1.8e1
-3.20641282565132e-2	-3.350169106959136e-4	1.8e1
-2.805611222444891e-2	-3.5464932320708557e-4	1.8e1
-2.404809619238499e-2	-3.726307573071899e-4	1.8e1
-2.0040080160320703e-2	-4.009010896136485e-4	1.8e1
-1.6032064128256786e-2	-4.3441890756089005e-4	1.8e1
-1.2024048096192496e-2	-4.758774241296898e-4	1.8e1
-8.016032064128207e-3	-5.429249935826446e-4	1.8e1
-4.008016032064289e-3	-6.725821393525352e-4	1.8e1
0e0	-2.259392553527697e-3	1.8e1