position	channel 1	channel 2
6.5e0	1e-50	0e0
6.593668550817412e0	5.446236746541316e-48	1.766806143274631e-52
6.687337101634824e0	5.885090500985099e-47	5.0645444720906285e-51
6.781005652452237e0	5.015622748481391e-46	7.241599125716501e-50
6.874674203269649e0	3.460907464453996e-45	7.182332149089979e-49
6.968342754087061e0	1.9696339385424925e-44	5.44241426981113e-48
7.062011304904473e0	9.398294991917026e-44	3.3052952411578703e-47
7.1556798557218855e0	3.815328911174939e-43	1.6586659239946686e-46
7.249348406539298e0	1.3349867531991779e-42	7.031603589396999e-46
7.34301695735671e0	4.0726997210429876e-42	2.5622026504928142e-45
7.436685508174122e0	1.0943446278816721e-41	8.138761567447839e-45
7.530354058991534e0	2.613028606209188e-41	2.280276848649353e-44
7.624022609808925e0	5.586956592155744e-41	5.691006484137926e-44
7.7176911606262895e0	1.0765840872676671e-40	1.275751855828531e-43
7.811359711443654e0	1.8794195481051957e-40	2.586481280598228e-43
7.905028262261029e0	2.98382696701456e-40	4.768970105636401e-43
7.998696813078417e0	4.317856700879102e-40	8.03007756554226e-43
8.092365363895782e0	5.69590351198223e-40	1.2380393356983226e-42
8.186033914713146e0	6.829203288026786e-40	1.748969075448951e-42
8.27970246553051e0	7.381716719274004e-40	2.259576189726017e-42
8.373371016347896e0	7.062830705390278e-40	2.6534426952269832e-42
8.467039567165308e0	5.7297172429679594e-40	2.7932165451441272e-42
8.56070811798272e0	3.4627653931299125e-40	2.5548247131151062e-42
8.654376668800133e0	5.827625160869915e-41	1.8689162400983893e-42
8.748045219617545e0	-2.4029319911252383e-40	7.571212491900095e-43
8.841713770434957e0	-4.913610471490924e-40	-6.5002560783639714e-43
8.93538232125237e0	-6.435870486641578e-40	-2.1226658161145515e-42
9.029050872069782e0	-6.650944237651202e-40	-3.3702586850909285e-42
9.122719422887194e0	-5.513113216301027e-40	-4.1021031049290845e-42
9.216387973704606e0	-3.2596689830960814e-40	-4.095601255250071e-42
9.310056524522018e0	-3.5334023745382487e-41	-3.255174845664072e-42
9.40372507533943e0	2.6239790723300413e-40	-1.646618370647688e-42
9.497393626156843e0	5.0969318787462636e-40	5.0235401377886245e-43
9.591062176974255e0	6.611328486015973e-40	2.8364153241820926e-42
9.684730727791667e0	6.9138561349349606e-40	4.934728868477094e-42
9.77839927860908e0	5.984319338402103e-40	6.3878084690475e-42
9.872067829426491e0	4.020059090669954e-40	6.873472827759109e-42
9.965736380243904e0	1.382188813448577e-40	6.217209254184276e-42
1.0059404931061316e1	-1.4807368300160795e-40	4.4262040544390705e-42
1.0153073481878728e1	-4.114442340576716e-40	1.6919948644978127e-42
1.024674203269614e1	-6.131016736478496e-40	-1.637238564141569e-42
1.0340410583513552e1	-7.260882086196161e-40	-5.108537814131971e-42
1.0434079134330965e1	-7.379623403699172e-40	-8.230500573923857e-42
1.0527747685148377e1	-6.5097804518226085e-40	-1.054300728897558e-41
1.0621416235965789e1	-4.801644593914018e-40	-1.1679855993754118e-41
1.0715084786783201e1	-2.499480989196156e-40	-1.1415985782715898e-41
1.0810487940393527e1	1.485414717589592e-41	-9.648924765465731e-42
1.0904156491210891e1	2.733206187101744e-40	-6.56093826056055e-42
1.0997825042028255e1	5.019022483911991e-40	-2.405882792519966e-42
1.109149359284562e1	6.778501759137903e-40	2.422855529297149e-42
1.1185162143662984e1	7.856368378351717e-40	7.456478952107959e-42
1.1278830694480348e1	8.176927343249924e-40	1.2201336622491894e-41
1.1372499245297712e1	7.742100206637503e-40	1.6188660607827691e-41
1.1466167796115077e1	6.622062401393196e-40	1.9018366685124084e-41
1.155983634693244e1	4.940804662548756e-40	2.0393127395443145e-41
1.1653504897749805e1	2.8589736669498393e-40	2.0140445083917748e-41
1.174717344856717e1	5.561147509425929e-41	1.8221962297764617e-41
1.1840841999384534e1	-1.7859597429778575e-40	1.4730582413487116e-41
1.1934510550201898e1	-3.9974304861360466e-40	9.877026595672852e-42
1.2028179101019262e1	-5.931597567517217e-40	3.968170790830551e-42
1.2121847651836626e1	-7.472550304985059e-40	-2.620117369114378e-42
1.221551620265399e1	-8.53941985970104e-40	-9.472856281753178e-42
1.2309184753471355e1	-9.087525363367099e-40	-1.6165946928967424e-41
1.2402853304288719e1	-9.106903485433017e-40	-2.2294069487073557e-41
1.2496521855106083e1	-8.618806770628958e-40	-2.749475480759699e-41
1.2590190405923448e1	-7.670781518348728e-40	-3.146745003425473e-41
1.2683858956740812e1	-6.3309077690562365e-40	-3.398693722832617e-41
1.2777527507558176e1	-4.681718545283297e-40	-3.4910955768440167e-41
1.287119605837554e1	-2.8142278395381323e-40	-3.4182294214133923e-41
1.2964864609192905e1	-8.223995383391916e-41	-3.1825938916136886e-41
1.3058533160010269e1	1.2017076658252616e-40	-2.7942089737566655e-41
1.3152201710827633e1	3.1719742621918265e-40	-2.2695981534857177e-41
1.3245870261644997e1	5.011365937545963e-40	-1.6305493679766408e-41
1.3339538812462362e1	6.654188928277393e-40	-9.027503083259566e-42
1.3433207363279726e1	8.047501457707793e-40	-1.1438550636857743e-42
1.352687591409709e1	9.151763267537513e-40	7.052292613866764e-42
1.3620544464914454e1	9.940827714640242e-40	1.5269138752868936e-41
1.3714213015731819e1	1.0401392433154985e-39	2.32274576622414e-41
1.3807881566549183e1	1.0532027225889192e-39	3.067005357169074e-41
1.3901550117366547e1	1.0341893718107543e-39	3.736927437908329e-41
1.3998687873769752e1	9.825523179223534e-40	4.3325876622254964e-41
1.409582563017297e1	9.012763839996244e-40	4.81053001589171e-41
1.4192963386576187e1	7.939244718311527e-40	5.15834099180198e-41
1.4290101142979404e1	6.645445050682963e-40	5.36828499356744e-41
1.4387238899382622e1	5.1749065518497446e-40	5.43713735806274e-41
1.4484376655785839e1	3.572603184458951e-40	5.365877338706092e-41
1.4581514412189057e1	1.883499568086875e-40	5.159273804677019e-41
1.4678652168592274e1	1.513155559843832e-41	4.825395326635723e-41
1.4775789924995491e1	-1.582496798402707e-40	4.3750739720248654e-41
1.4872927681398709e1	-3.2795667121250315e-40	3.821348911048147e-41
1.4970065437801926e1	-4.905218341410658e-40	3.1789121838998043e-41
1.5067203194205144e1	-6.4288994366274225e-40	2.463574994759224e-41
1.5164340950608361e1	-7.824443138609113e-40	1.6917689166866174e-41
1.5261478707011578e1	-9.070183036373993e-40	8.80092596752646e-42
1.5358616463414796e1	-1.014894242457695e-39	4.49110737715867e-43
1.5455754219818013e1	-1.1047918610582528e-39	-7.979882527892408e-42
1.555289197622123e1	-1.1758482342975797e-39	-1.6336815885587346e-41
1.5650029732624448e1	-1.2275911156160236e-39	-2.448337391135768e-41
1.5747167489027666e1	-1.2599073811863395e-39	-3.2293901517595587e-41
1.5844305245430883e1	-1.2730081202611327e-39	-3.9656630476857986e-41
1.59414430018341e1	-1.2673917173371409e-39	-4.647444099175754e-41
1.603858075823731e1	-1.2438060800734881e-39	-5.266521026771418e-41
1.61357185146405e1	-1.2032109808606963e-39	-5.816180281290662e-41
1.6232856271043694e1	-1.146741304198246e-39	-6.291175762022026e-41
1.6329994027446887e1	-1.0756718297585171e-39	-6.687672596896468e-41
1.642713178385008e1	-9.913840341397766e-40	-7.003171077039748e-41
1.652426954025327e1	-8.953352637963085e-40	-7.236415457137335e-41
1.6621407296656464e1	-7.890305176908513e-40	-7.387291887140944e-41
1.6718545053059657e1	-6.739969804740404e-40	-7.456719259055751e-41
1.681568280946285e1	-5.517613646771456e-40	-7.44653625848792e-41
1.6912820565866042e1	-4.238300524446972e-40	-7.35938742286457e-41
1.7009958322269235e1	-2.9167197249442794e-40	-7.198610540786336e-41
1.7107096078672427e1	-1.567041049360341e-40	-6.968127289825058e-41
1.720423383507562e1	-2.027947394767477e-41	-6.672338609889611e-41
1.7301371591478812e1	1.1632253524572316e-40	-6.316025949834803e-41
1.7398509347882005e1	2.5190371441052816e-40	-5.904259207887547e-41
1.7495647104285197e1	3.853526138566068e-40	-5.442311911491107e-41
1.759278486068839e1	5.156483597096362e-40	-4.935583947843989e-41
1.769686102826325e1	6.5069943404173316e-40	-4.349167780902406e-41
1.7793998784666467e1	7.716178224682445e-40	-3.7670310417240805e-41
1.7891136541069685e1	8.868301955986452e-40	-3.156794882109948e-41
1.7988274297472902e1	9.956939524023874e-40	-2.523734536274764e-41
1.808541205387612e1	1.0976559955557847e-39	-1.8729749076753572e-41
1.8182549810279337e1	1.192249702911512e-39	-1.2094568708466005e-41
1.8279687566682554e1	1.279091318767981e-39	-5.3790950858157546e-42
1.837682532308577e1	1.3578758880673737e-39	1.3717218132533865e-42
1.847396307948899e1	1.4283728443174819e-39	8.115445837759622e-42
1.8571100835892207e1	1.4904213499944364e-39	1.4812282407880337e-41
1.8668238592295424e1	1.5439254766063066e-39	2.1425165653252644e-41
1.876537634869864e1	1.5888493006054455e-39	2.791980941553615e-41
1.886251410510186e1	1.625211981017503e-39	3.4264726383241516e-41
1.8959651861505076e1	1.6530828750616863e-39	4.0431219392181306e-41
1.9056789617908294e1	1.6725767392031917e-39	4.639334866858916e-41
1.915392737431151e1	1.6838490550125176e-39	5.212787852284125e-41
1.925106513071473e1	1.6870915119041542e-39	5.761420672707555e-41
1.9348202887117946e1	1.682527672267721e-39	6.283427953557578e-41
1.9445340643521163e1	1.670408838660522e-39	6.77724950371294e-41
1.954247839992438e1	1.651010137564614e-39	7.241559726713476e-41
1.9639616156327598e1	1.6246268296845394e-39	7.675256325666616e-41
1.9736753912730816e1	1.5915708528278454e-39	8.077448495780698e-41
1.9833891669134033e1	1.552167600025059e-39	8.447444776062594e-41
1.993102942553725e1	1.5067529326624288e-39	8.784740710795838e-41
2.0028167181940468e1	1.455670425973188e-39	9.089006451999384e-41
2.0125304938343685e1	1.3992688422168794e-39	9.360074416160169e-41
2.0222442694746903e1	1.3378998252301068e-39	9.597927092122012e-41
2.031958045115012e1	1.2719158087131417e-39	9.802685082047287e-41
2.0416718207553338e1	1.201668129588898e-39	9.97459544380254e-41
2.0513855963956555e1	1.1275053369973682e-39	1.0114020390883895e-40
2.0610993720359772e1	1.0497716869371622e-39	1.022142639502249e-40
2.070813147676299e1	9.688058122069589e-40	1.0297373726823548e-40
2.0805269233166207e1	8.849395571046662e-40	1.0342506461105758e-40
2.0902406989569425e1	7.984969662873972e-40	1.0357542965950127e-40
2.0999544745972642e1	7.097934172581953e-40	1.0343266887757622e-40
2.109668250237586e1	6.1913488610569676e-40	1.0300518638773044e-40
2.1193820258779077e1	5.268173363633841e-40	1.023018738848951e-40
2.1290958015182294e1	4.33126221159461e-40	1.0133203556024499e-40
2.1388095771585512e1	3.3833608918353854e-40	1.0010531796893503e-40
2.148523352798873e1	2.4271028539003447e-40	9.863164474536013e-41
2.1582371284391947e1	1.4650073777960207e-40	9.692115604399217e-41
2.1679509040795164e1	4.994782204089499e-41	9.49841525631943e-41
2.177664679719838e1	-4.67197037128671e-41	9.28310439928835e-41
2.18737845536016e1	-1.4328470142074818e-40	9.047230171419235e-41
2.1970922310004816e1	-2.395415996158943e-40	8.791841556976859e-41
2.2068060066408034e1	-3.352962904320384e-40	8.517985451676137e-41
2.216519782281125e1	-4.303659830314597e-40	8.226703097040952e-41
2.226233557921447e1	-5.245790189799289e-40	7.91902686442219e-41
2.2373350157961003e1	-6.309963818917662e-40	7.548631354343358e-41
2.2484364736707537e1	-7.358623400491053e-40	7.159656302797064e-41
2.259537931545407e1	-8.389716528507982e-40	6.753573174221155e-41
2.2706393894200605e1	-9.401361783585884e-40	6.331820787000366e-41
2.281740847294714e1	-1.0391842672402075e-39	5.895802060748941e-41
2.2928423051693674e1	-1.1359601304708915e-39	5.446881276968236e-41
2.3039437630440208e1	-1.2303231879951955e-39	4.986381810719019e-41
2.3150452209186742e1	-1.3221474047393024e-39	4.515584292901495e-41
2.3261466787933276e1	-1.411320619613692e-39	4.035725164772743e-41
2.337248136667981e1	-1.4977438724553618e-39	3.547995588417207e-41
2.3483495945426345e1	-1.5813307332250897e-39	3.053540678989494e-41
2.359451052417288e1	-1.6620066371960988e-39	2.553459026646404e-41
2.3705525102919413e1	-1.7397082293431285e-39	2.0488024781563041e-41
2.3816539681665947e1	-1.8143827206622557e-39	1.5405761502015442e-41
2.392755426041248e1	-1.8859872587187906e-39	1.0297386483608498e-41
2.4038568839159016e1	-1.9544883143308246e-39	5.1720246766359586e-42
2.414958341790555e1	-2.0198610859455322e-39	3.834552437632947e-44
2.4260597996652084e1	-2.0820889229523813e-39	-5.095430050776049e-42
2.437161257539862e1	-2.1411627688979718e-39	-1.0221521462153628e-41
2.4482627154145153e1	-2.1970806253198635e-39	-1.5332579247463317e-41
2.4593641732891687e1	-2.2498470366978732e-39	-2.0421674989150245e-41
2.470465631163822e1	-2.2994725968289795e-39	-2.5482290510342853e-41
2.4815670890384755e1	-2.345973476763703e-39	-3.0508306477060134e-41
2.492668546913129e1	-2.3893709742955283e-39	-3.549399052502763e-41
2.5037700047877824e1	-2.4296910848687433e-39	-4.0433985017941287e-41
2.5148714626624358e1	-2.4669640936611778e-39	-4.5323294533302005e-41
2.5259729205370892e1	-2.5012241885064855e-39	-5.01572731620064e-41
2.5370743784117426e1	-2.5325090932429974e-39	-5.493161169867376e-41
2.548175836286396e1	-2.5608597210113366e-39	-5.964232479118157e-41
2.5592772941610495e1	-2.586319846970342e-39	-6.428573811004932e-41
2.570378752035703e1	-2.608935799858282e-39	-6.885847559110337e-41
2.5814802099103563e1	-2.6287561717932362e-39	-7.335744679825017e-41
2.5925816677850097e1	-2.645831545681172e-39	-7.777983444713016e-41
2.603683125659663e1	-2.6602142395824167e-39	-8.212308212490183e-41
2.6147845835343166e1	-2.6719580673758677e-39	-8.638488223638087e-41
2.62588604140897e1	-2.6811181150537934e-39	-9.056316420217585e-41
2.6369874992836234e1	-2.6877505319788117e-39	-9.465608293031668e-41
2.6480889571582768e1	-2.6919123364377854e-39	-9.86620075791354e-41
2.6591904150329302e1	-2.6936612348329988e-39	-1.0257951062575483e-40
2.6702918729075837e1	-2.6930554538608486e-39	-1.064073572515189e-40
2.681393330782237e1	-2.6901535850397728e-39	-1.1014449505295827e-40
2.6924947886568905e1	-2.6850144409631257e-39	-1.1379004408445044e-40
2.703596246531544e1	-2.6776969226681822e-39	-1.17343287236553e-40
2.7146977044061973e1	-2.668259897530006e-39	-1.2080366095208295e-40
2.7257991622808508e1	-2.656762087106268e-39	-1.2417074628027822e-40
2.736900620155504e1	-2.6432619643785863e-39	-1.2744426026789982e-40
2.7480020780301576e1	-2.6278176598553833e-39	-1.3062404768481386e-40
2.759103535904811e1	-2.610486876021051e-39	-1.3371007308044174e-40
2.7702049937794644e1	-2.5913268096367373e-39	-1.3670241316649335e-40
2.781306451654118e1	-2.570394081417904e-39	-1.3960124952052843e-40
2.7924079095287713e1	-2.547744672634402e-39	-1.4240686160418874e-40
2.8035093674034247e1	-2.5234338681986782e-39	-1.4511962008932556e-40
2.8173861897467408e1	-2.490792034968503e-39	-1.4838069434481615e-40
2.8284876476213935e1	-2.4629412828738726e-39	-1.5088631711250417e-40
2.839589105496046e1	-2.433603425414789e-39	-1.5330084583686474e-40
2.850690563370699e1	-2.4028302869266194e-39	-1.5562497121702499e-40
2.8617920212453516e1	-2.3706727874190468e-39	-1.5785944487234043e-40
2.8728934791200043e1	-2.3371809175767302e-39	-1.6000507441503689e-40
2.883994936994657e1	-2.30240371766578e-39	-1.6206271877165527e-40
2.8950963948693097e1	-2.266389260061845e-39	-1.640332837446222e-40
2.9061978527439624e1	-2.2291846351312222e-39	-1.6591771780528767e-40
2.917299310618615e1	-2.190835940211491e-39	-1.6771700810982717e-40
2.928400768493268e1	-2.1513882714526793e-39	-1.6943217672949517e-40
2.9395022263679206e1	-2.1108857182938915e-39	-1.7106427708683326e-40
2.9506036842425733e1	-2.0693713603634608e-39	-1.7261439058956048e-40
2.961705142117226e1	-2.0268872666034822e-39	-1.7408362345403522e-40
2.9728065999918787e1	-1.983474496431688e-39	-1.7547310371034867e-40
2.9839080578665314e1	-1.939173102765097e-39	-1.7678397838128741e-40
2.995009515741184e1	-1.8940221367408585e-39	-1.780174108275971e-40
3.0061109736158368e1	-1.848059653980145e-39	-1.791745782521811e-40
3.0172124314904895e1	-1.8013227222509432e-39	-1.802566693560847e-40
3.0283138893651422e1	-1.753847430394832e-39	-1.8126488213931403e-40
3.039415347239795e1	-1.705668898391832e-39	-1.8220042183976384e-40
3.0505168051144476e1	-1.6568212884459066e-39	-1.830644990037529e-40
3.0616182629891004e1	-1.6073378169814883e-39	-1.838583276818676e-40
3.072719720863753e1	-1.557250767449189e-39	-1.8458312374405697e-40
3.0838211787384058e1	-1.506591503845721e-39	-1.8524010330811707e-40
3.0949226366130585e1	-1.455390484859995e-39	-1.858304812759399e-40
3.1060240944877112e1	-1.4036772785635172e-39	-1.863554699720975e-40
3.117125552362364e1	-1.3514805775692847e-39	-1.8681627787955446e-40
3.1282270102370166e1	-1.2988282145889298e-39	-1.8721410846750198e-40
3.1393284681116693e1	-1.2457471783232005e-39	-1.8755015910651404e-40
3.150429925986322e1	-1.1922636296257777e-39	-1.878256200664208e-40
3.1615313838609747e1	-1.1384029178851121e-39	-1.8804167359248783e-40
3.1726328417356275e1	-1.0841895975733321e-39	-1.8819949305567826e-40
3.18373429961028e1	-1.0296474449153638e-39	-1.8830024217295637e-40
3.194835757484933e1	-9.747994746353121e-40	-1.8834507429377876e-40
3.205937215359586e1	-9.196679567406323e-40	-1.883351317490719e-40
3.217038673234239e1	-8.642744333080992e-40	-1.882715452591812e-40
3.228140131108893e1	-8.086397352386785e-40	-1.8815543339742864e-40
3.239241588983546e1	-7.52783998951333e-40	-1.8798790210607016e-40
3.2503430468581996e1	-6.967266829885829e-40	-1.877700442616003e-40
3.261444504732853e1	-6.404865845091595e-40	-1.875029392864909e-40
3.2725459626075065e1	-5.840818556455156e-40	-1.8718765280459563e-40
3.28364742048216e1	-5.275300197061475e-40	-1.8682523633758115e-40
3.294748878356813e1	-4.708479872047771e-40	-1.8641672703988013e-40
3.305850336231467e1	-4.1405207170033855e-40	-1.8596314746977654e-40
3.31695179410612e1	-3.571580054335321e-40	-1.8546550539436434e-40
3.3280532519807736e1	-3.001809547473405e-40	-1.8492479362622447e-40
3.339154709855427e1	-2.4313553528046e-40	-1.8434198988978286e-40
3.3502561677300804e1	-1.860358269240003e-40	-1.8371805671540716e-40
3.361357625604734e1	-1.2889538853314557e-40	-1.830539413594095e-40
3.372459083479387e1	-7.172727238667492e-41	-1.823505757482108e-40
3.383560541354041e1	-1.454403838837392e-41	-1.8160887644502424e-40
3.394661999228694e1	4.264223199460776e-41	-1.808297446374858e-40
3.4057634571033475e1	9.98199220604282e-41	-1.8001406614476243e-40
3.416864914978001e1	1.5697786647136235e-40	-1.7916271144273777e-40
3.427966372852654e1	2.141053381250465e-40	-1.7827653570595124e-40
3.439067830727308e1	2.7119203529971466e-40	-1.7735637886503863e-40
3.450169288601961e1	3.2822806907431075e-40	-1.7640306567849872e-40
3.4612707464766146e1	3.852039510237435e-40	-1.7541740581767043e-40
3.472372204351268e1	4.4211058118898286e-40	-1.744001939638666e-40
3.4834736622259214e1	4.989392363211829e-40	-1.7335220991667173e-40
3.494575120100575e1	5.5568155839855325e-40	-1.7227421871246883e-40
3.505676577975228e1	6.123295434142922e-40	-1.7116697075231801e-40
3.516778035849882e1	6.688755304334854e-40	-1.7003120193835036e-40
3.527879493724535e1	7.253121909165589e-40	-1.6886763381790027e-40
3.5389809515991885e1	7.816325183065573e-40	-1.6767697373464004e-40
3.550082409473842e1	8.378298178772463e-40	-1.6645991498602683e-40
3.5611838673484954e1	8.938976968387883e-40	-1.6521713698641111e-40
3.572285325223149e1	9.498300546975332e-40	-1.639493054351984e-40
3.583386783097802e1	1.0056210738662758e-39	-1.6265707248949238e-40
3.5944882409724556e1	1.0612652105211602e-39	-1.6134107694068228e-40
3.605589698847109e1	1.1167571857012887e-39	-1.6000194439447517e-40
3.6166911567217625e1	1.1720919766469293e-39	-1.586402874538979e-40
3.627792614596416e1	1.2272648083721623e-39	-1.5725670590483243e-40
3.638894072471069e1	1.2822711454676975e-39	-1.5585178690367301e-40
3.649995530345723e1	1.3371066841295083e-39	-1.5442610516671828e-40
3.661096988220376e1	1.3917673444089057e-39	-1.5298022316094226e-40
3.6721984460950296e1	1.4462492626796143e-39	-1.5151469129580886e-40
3.683299903969683e1	1.500548784317374e-39	-1.5003004811581717e-40
3.6944013618443364e1	1.5546624565876427e-39	-1.4852682049349376e-40
3.70550281971899e1	1.6085870217368456e-39	-1.4700552382255521e-40
3.716604277593643e1	1.6623194102827504e-39	-1.4546666221099784e-40
3.727705735468297e1	1.7158567344994458e-39	-1.4391072867387757e-40
3.73880719334295e1	1.7691962820925072e-39	-1.4233820532556964e-40
3.7499086512176035e1	1.82233551005992e-39	-1.4074956357130937e-40
3.761010109092257e1	1.8752720387343586e-39	-1.3914526429783112e-40
3.77211156696691e1	1.9280036460024537e-39	-1.3752575806293524e-40
3.783213024841564e1	1.9805282616968025e-39	-1.3589148528383469e-40
3.794314482716217e1	2.0328439621563633e-39	-1.3424287642413171e-40
3.8054159405908706e1	2.0849489649510986e-39	-1.3258035217930036e-40
3.816517398465524e1	2.136841623766664e-39	-1.309043236605536e-40
3.8276188563401774e1	2.188520423445111e-39	-1.2921519257699127e-40
3.838720314214831e1	2.2399839751774934e-39	-1.2751335141592622e-40
3.849821772089484e1	2.291231011844474e-39	-1.2579918362130516e-40
3.860923229964138e1	2.342260383500958e-39	-1.2407306377013984e-40
3.872024687838791e1	2.3930710530010224e-39	-1.223353577468843e-40
3.8831261457134445e1	2.4436620917592238e-39	-1.2058642291568602e-40
3.894227603588098e1	2.494032675644761e-39	-1.1882660829046437e-40
3.9053290614627514e1	2.54418208100471e-39	-1.1705625470275923e-40
3.916430519337405e1	2.5941096808129255e-39	-1.152756949673137e-40
3.927531977212058e1	2.643814940940985e-39	-1.1348525404534746e-40
3.9386334350867116e1	2.69329741654787e-39	-1.1168524920549472e-40
3.949734892961365e1	2.742556748585039e-39	-1.098759901823792e-40
3.9608363508360185e1	2.791592660413571e-39	-1.0805777933280278e-40
3.971937808710672e1	2.840404954530248e-39	-1.0623091178953418e-40
3.983039266585325e1	2.8889935093994585e-39	-1.0439567561268374e-40
3.994140724459979e1	2.9373582763878332e-39	-1.0255235193865525e-40
4.005242182334632e1	2.985499276798705e-39	-1.0070121512667163e-40
4.0163436402092856e1	3.033416599003429e-39	-9.88425329028708e-41
4.027445098083939e1	3.081110395666761e-39	-9.697656650197458e-41
4.0385465559585924e1	3.128580881063571e-39	-9.510357080653598e-41
4.049648013833246e1	3.175828328484104e-39	-9.322379448376946e-41
4.060749471707899e1	3.222853067725273e-39	-9.13374801199768e-41
4.071850929582553e1	3.269655482665334e-39	-8.944486435257807e-41
4.082952387457206e1	3.31623600891951e-39	-8.754617799976325e-41
4.0940538453318595e1	3.362595131574059e-39	-8.564164618777849e-41
4.105155303206513e1	3.408733382996553e-39	-8.373148847586815e-41
4.1162567610811664e1	3.454651340719964e-39	-8.181591897888915e-41
4.12735821895582e1	3.500349625398301e-39	-7.98951464876183e-41
4.138459676830473e1	3.545828898831721e-39	-7.796937458677679e-41
4.1495611347051266e1	3.59108986205884e-39	-7.60388017707922e-41
4.16066259257978e1	3.6361332535143866e-39	-7.410362155732641e-41
4.1717640504544335e1	3.6809598472499554e-39	-7.21640225985901e-41
4.182865508329087e1	3.725570451216135e-39	-7.02201887904746e-41
4.19396696620374e1	3.769965905603923e-39	-6.827229937952432e-41
4.205068424078394e1	3.8141470812437206e-39	-6.632052906777997e-41
4.216169881953047e1	3.858114878060028e-39	-6.436504811551954e-41
4.2272713398277006e1	3.9018702235801476e-39	-6.240602244192631e-41
4.238372797702354e1	3.9454140714952096e-39	-6.044361372371352e-41
4.2494742555770074e1	3.9887474002718194e-39	-5.847797949173437e-41
4.260575713451661e1	4.031871211812805e-39	-5.650927322560811e-41
4.271677171326314e1	4.074786530165453e-39	-5.453764444639191e-41
4.282778629200968e1	4.1174944002757564e-39	-5.256323880732896e-41
4.293880087075621e1	4.159995886787238e-39	-5.05861981827038e-41
4.3049815449502745e1	4.202292072882897e-39	-4.860666075483492e-41
4.316083002824928e1	4.244384059168887e-39	-4.662476109923506e-41
4.327184460699581e1	4.2862729625986644e-39	-4.464063026797086e-41
4.338285918574235e1	4.327959915436199e-39	-4.265439587125099e-41
4.349387376448888e1	4.369446064257095e-39	-4.066618215727475e-41
4.3604888343235416e1	4.4107325689863644e-39	-3.8676110090370775e-41
4.371590292198195e1	4.45182060197162e-39	-3.668429742745607e-41
4.3826917500728484e1	4.492711347090631e-39	-3.4690858792846023e-41
4.393793207947502e1	4.533405998892106e-39	-3.26959057514453e-41
4.404894665822155e1	4.573905761768544e-39	-3.0699546880348626e-41
4.415996123696809e1	4.614211849160157e-39	-2.87018878388814e-41
4.427097581571462e1	4.654325482788925e-39	-2.6703031437109957e-41
4.4381990394461155e1	4.694247891921699e-39	-2.4703077702849647e-41
4.449300497320769e1	4.7339803126614484e-39	-2.2702123947199806e-41
4.4604019551954224e1	4.77352398726564e-39	-2.0700264828633523e-41
4.471503413070076e1	4.812880163490966e-39	-1.8697592415670904e-41
4.482604870944729e1	4.852050093963579e-39	-1.6694196248163623e-41
4.4937063288193826e1	4.891035035573842e-39	-1.469016339721748e-41
4.504807786694036e1	4.9298362488948416e-39	-1.2685578523780392e-41
4.5159092445686895e1	4.968454997624005e-39	-1.0680523935922892e-41
4.527010702443343e1	5.0068925480468286e-39	-8.675079644836789e-42
4.538112160317996e1	5.0451501685221013e-39	-6.669323419578365e-42
4.54921361819265e1	5.0832291289879875e-39	-4.663330840581828e-42
4.560315076067303e1	5.1211307004880804e-39	-2.657175351967893e-42
4.5714165339419566e1	5.158856154716914e-39	-6.5092831267256855e-43
4.58251799181661e1	5.196406763584147e-39	1.355340953579489e-42
4.5936194496912634e1	5.233783798796938e-39	3.3615651094329213e-42
4.604720907565917e1	5.270988531459728e-39	5.367678756167245e-42
4.61582236544057e1	5.308022231691025e-39	7.373618387046814e-42
4.626923823315224e1	5.344886168256473e-39	9.379322341732222e-42
4.638025281189877e1	5.381581608217644e-39	1.138473076173054e-41
4.6491267390645305e1	5.4181098165960705e-39	1.3389785546862322e-41
4.660228196939184e1	5.4544720560521034e-39	1.5394430312723828e-41
4.671329654813837e1	5.490669586577868e-39	1.7398610349122772e-41
4.682431112688491e1	5.5267036652039424e-39	1.9402272579466706e-41
4.693532570563144e1	5.5625755457193375e-39	2.1405365521083698e-41
4.7046340284377976e1	5.598286478404174e-39	2.340783924645455e-41
4.715735486312451e1	5.6338377097747956e-39	2.540964534533742e-41
4.7268369441871045e1	5.6692304823407816e-39	2.741073688776491e-41
4.737938402061758e1	5.704466034373397e-39	2.941106838789444e-41
4.749039859936411e1	5.739545599685187e-39	3.141059576869346e-41
4.760141317811065e1	5.774470407420227e-39	3.3409276327440786e-41
4.771242775685718e1	5.8092416818548016e-39	3.5407068702026736e-41
4.7823442335603715e1	5.843860642207889e-39	3.7403932838033073e-41
4.793445691435025e1	5.878328502461451e-39	3.9399829956577344e-41
4.8045471493096784e1	5.91264647118989e-39	4.1394722522902995e-41
4.815648607184332e1	5.94681575139839e-39	4.3388574215698837e-41
4.826750065058985e1	5.980837540369994e-39	4.5381349897132667e-41
4.837851522933639e1	6.014713029520954e-39	4.737301558358205e-41
4.848952980808292e1	6.048443404264041e-39	4.936353841704661e-41
4.8600544386829455e1	6.082029843879657e-39	5.135288663722731e-41
4.871155896557599e1	6.115473521394346e-39	5.3341029554257e-41
4.882257354432252e1	6.148775603466492e-39	5.532793752206768e-41
4.893358812306906e1	6.181937250278939e-39	5.731358191238046e-41
4.904460270181559e1	6.214959615438228e-39	5.929793508930339e-41
4.9155617280562126e1	6.247843845880333e-39	6.128097038452462e-41
4.926663185930866e1	6.280591081782468e-39	6.32626620730857e-41
4.9377646438055194e1	6.313202456480903e-39	6.524298534972319e-41
4.948866101680173e1	6.345679096394518e-39	6.722191630576548e-41
4.959967559554826e1	6.378022120953832e-39	6.919943190657131e-41
4.97106901742948e1	6.410232642535362e-39	7.117550996949874e-41
4.982170475304133e1	6.442311766401085e-39	7.315012914239155e-41
4.9932719331787865e1	6.474260590642807e-39	7.512326888257188e-41
5.00437339105344e1	6.506080206131249e-39	7.709490943632694e-41
5.0154748489280934e1	6.537771696469681e-39	7.906503181887905e-41
5.026576306802747e1	6.569336137951955e-39	8.103361779482757e-41
5.0376777646774e1	6.600774599524643e-39	8.300064985905131e-41
5.0487792225520536e1	6.632088142753358e-39	8.496611121806283e-41
5.059880680426707e1	6.663277821792852e-39	8.692998577180202e-41
5.0709821383013605e1	6.694344683360824e-39	8.889225809585905e-41
5.082083596176014e1	6.725289766715384e-39	9.085291342411876e-41
5.093185054050667e1	6.756114103635866e-39	9.281193763181414e-41
5.104286511925321e1	6.786818718407027e-39	9.476931721898196e-41
5.115387969799974e1	6.817404627806329e-39	9.672503929430893e-41
5.1264894276746276e1	6.847872841094411e-39	9.867909155936253e-41
5.137590885549281e1	6.878224360008202e-39	1.0063146229319195e-40
5.1486923434239344e1	6.908460178757091e-39	1.025821403372977e-40
5.159793801298588e1	6.938581284021613e-39	1.0453111508095558e-40
5.170895259173241e1	6.968588654954786e-39	1.0647837644689049e-40
5.181996717047895e1	6.998483263185829e-39	1.0842391487728898e-40
5.193098174922548e1	7.028266072826314e-39	1.1036772132014588e-40
5.2041996327972015e1	7.057938040478485e-39	1.1230978721593408e-40
5.215301090671855e1	7.087500115245782e-39	1.142501044845921e-40
5.226402548546508e1	7.116953238745424e-39	1.1618866551282167e-40
5.237504006421162e1	7.146298345122992e-39	1.1812546314168831e-40
5.248605464295815e1	7.175536361068777e-39	1.2006049065451533e-40
5.2597069221704686e1	7.204668205836018e-39	1.2199374176506833e-40
5.270808380045122e1	7.233694791260892e-39	1.2392521060602186e-40
5.2819098379197754e1	7.262617021783973e-39	1.2585489171769885e-40
5.293011295794429e1	7.291435794473458e-39	1.2778278003708248e-40
5.304112753669082e1	7.320151999049726e-39	1.2970887088708785e-40
5.315214211543736e1	7.348766517911433e-39	1.3163315996609269e-40
5.326315669418389e1	7.377280226162784e-39	1.3355564333771536e-40
5.3374171272930425e1	7.405693991642218e-39	1.3547631742083965e-40
5.348518585167696e1	7.434008674952289e-39	1.373951789798787e-40
5.3596200430423494e1	7.462225129490721e-39	1.3931222511527226e-40
5.370721500917003e1	7.490344201482509e-39	1.4122745325421114e-40
5.381822958791656e1	7.518366730013125e-39	1.4314086114158558e-40
5.3929244166663096e1	7.546293547062592e-39	1.4505244683114864e-40
5.404025874540963e1	7.574125477540574e-39	1.4696220867689375e-40
5.4151273324156165e1	7.601863339322404e-39	1.4887014532464051e-40
5.42622879029027e1	7.62950794328584e-39	1.5077625570382132e-40
5.437330248164923e1	7.657060093348518e-39	1.5268053901946386e-40
5.448431706039577e1	7.684520586506529e-39	1.5458299474437473e-40
5.45953316391423e1	7.711890212873212e-39	1.5648362261150164e-40
5.4706346217888836e1	7.739169755718712e-39	1.5838242260648265e-40
5.481736079663537e1	7.766359991510538e-39	1.60279394960383e-40
5.4928375375381904e1	7.79346168995424e-39	1.621745401425985e-40
5.503938995412844e1	7.820475614034871e-39	1.640678588539357e-40
5.515040453287497e1	7.847402520058702e-39	1.659593520198547e-40
5.526141911162151e1	7.874243157695521e-39	1.6784902078387808e-40
5.537243369036804e1	7.90099827002154e-39	1.6973686650116325e-40
5.5483448269114575e1	7.927668593562518e-39	1.7162289073222771e-40
5.559446284786111e1	7.954254858337241e-39	1.7350709523682585e-40
5.5705477426607644e1	7.980757787901206e-39	1.7538948196797263e-40
5.581649200535418e1	8.007178099391113e-39	1.7727005306612276e-40
5.592750658410071e1	8.03351650356899e-39	1.7914881085347864e-40
5.6038521162847246e1	8.059773704867012e-39	1.8102575782844585e-40
5.614953574159378e1	8.085950401432354e-39	1.8290089666022072e-40
5.6260550320340315e1	8.112047285172243e-39	1.847742301835094e-40
5.637156489908685e1	8.138065041799226e-39	1.8664576139337725e-40
5.648257947783338e1	8.16400435087663e-39	1.8851549344022534e-40
5.659359405657992e1	8.189865885864189e-39	1.903834296248908e-40
5.670460863532645e1	8.21565031416341e-39	1.9224957339385894e-40
5.6815623214072986e1	8.241358297163774e-39	1.9411392833461e-40
5.692663779281952e1	8.266990490288198e-39	1.9597649817106185e-40
5.7037652371566054e1	8.292547543038903e-39	1.9783728675913314e-40
5.714866695031259e1	8.318030099043559e-39	1.996962980824211e-40
5.725968152905912e1	8.343438796100975e-39	2.015535362479756e-40
5.737069610780566e1	8.36877426622718e-39	2.0340900548218616e-40
5.748171068655219e1	8.394037135701184e-39	2.052627101267642e-40
5.7592725265298725e1	8.419228025111046e-39	2.0711465463483244e-40
5.770373984404526e1	8.444347549399384e-39	2.0896484356709925e-40
5.781475442279179e1	8.469396317909329e-39	2.108132815881396e-40
5.792576900153833e1	8.494374934430189e-39	2.1265997346276423e-40
5.803678358028486e1	8.519283997243066e-39	2.1450492405247927e-40
5.8147798159031396e1	8.544124099166519e-39	2.163481383120382e-40
5.825881273777793e1	8.568895827601601e-39	2.1818962128606744e-40
5.8369827316524464e1	8.593599764577306e-39	2.200293781057885e-40
5.8480841895271e1	8.618236486795832e-39	2.2186741398582213e-40
5.859185647401753e1	8.642806565677408e-39	2.2370373422106443e-40
5.870287105276407e1	8.667310567405362e-39	2.2553834418365207e-40
5.88138856315106e1	8.691749052970585e-39	2.2737124931999147e-40
5.8924900210257135e1	8.71612257821617e-39	2.2920245514787336e-40
5.903591478900367e1	8.74043169388193e-39	2.310319672536599e-40
5.9146929367750204e1	8.764676945648327e-39	2.3285979128953443e-40
5.925794394649674e1	8.788858874180548e-39	2.3468593297082793e-40
5.936895852524327e1	8.812978015172129e-39	2.365103980734077e-40
5.9479973103989806e1	8.837034899388899e-39	2.3833319243114666e-40
5.959098768273634e1	8.861030052711987e-39	2.401543219334369e-40
5.9702002261482875e1	8.88496399618131e-39	2.419737925227868e-40
5.981301684022941e1	8.908837246038182e-39	2.437916101924608e-40
5.992403141897594e1	8.932650313768236e-39	2.4560778098419545e-40
6.003504599772248e1	8.956403706143716e-39	2.4742231098596266e-40
6.014606057646901e1	8.980097925265822e-39	2.4923520632979873e-40
6.0257075155215546e1	9.003733468606744e-39	2.51046473189688e-40
6.036808973396208e1	9.027310829051226e-39	2.5285611777949445e-40
6.0479104312708614e1	9.0508304949383e-39	2.5466414635095975e-40
6.059011889145515e1	9.074292950102435e-39	2.564705651917429e-40
6.070113347020168e1	9.0976986739145e-39	2.582753806235143e-40
6.081214804894822e1	9.121048141322326e-39	2.600785990000948e-40
6.092316262769475e1	9.144341822891374e-39	2.618802267056544e-40
6.1034177206441285e1	9.167580184844938e-39	2.6368027015295225e-40
6.114519178518782e1	9.1907636891039e-39	2.6547873578161925e-40
6.125620636393435e1	9.213892793326382e-39	2.6727563005648903e-40
6.136722094268089e1	9.236967950947342e-39	2.6907095946598066e-40
6.147823552142742e1	9.259989611217635e-39	2.7086473052051725e-40
6.1589250100173956e1	9.28295821924277e-39	2.726569497509847e-40
6.170026467892049e1	9.305874216021473e-39	2.7444762370723518e-40
6.1811279257667024e1	9.328738038483802e-39	2.7623675895662593e-40
6.192229383641356e1	9.351550119529505e-39	2.7802436208261163e-40
6.203330841516009e1	9.374310888065433e-39	2.7981043968335738e-40
6.214432299390663e1	9.397020769042954e-39	2.815949983703955e-40
6.225533757265316e1	9.41968018349518e-39	2.833780447673231e-40
6.2366352151399695e1	9.442289548573914e-39	2.851595855085351e-40
6.247736673014623e1	9.4648492775861e-39	2.8693962723798583e-40
6.2588381308892764e1	9.48735978003009e-39	2.887181766079876e-40
6.26993958876393e1	9.509821461631662e-39	2.904952402780436e-40
6.281041046638583e1	9.532234724379886e-39	2.92270824913717e-40
6.292142504513237e1	9.554599966562303e-39	2.9404493718552042e-40
6.30324396238789e1	9.576917582800203e-39	2.958175837678472e-40
6.3143454202625435e1	9.599187964083508e-39	2.9758877133792952e-40
6.325446878137197e1	9.621411497805328e-39	2.993585065748251e-40
6.33654833601185e1	9.64358856779611e-39	3.0112679615842865e-40
6.347649793886504e1	9.665719554357738e-39	3.02893646768519e-40
6.358751251761157e1	9.687804834297222e-39	3.0465906508382917e-40
6.3698527096358106e1	9.709844780960153e-39	3.0642305778114508e-40
6.380954167510464e1	9.73183976426369e-39	3.0818563153442444e-40
6.3920556253851174e1	9.753790150729853e-39	3.0994679301396003e-40
6.40315708325977e1	9.775696303517414e-39	3.117065488855317e-40
6.41425854113442e1	9.797558582454792e-39	3.13464905809624e-40
6.42535999900907e1	9.819377344071733e-39	3.1522187044063793e-40
6.436461456883721e1	9.841152941631266e-39	3.169774494261427e-40
6.447562914758372e1	9.86288572516103e-39	3.1873164940613983e-40
6.458664372633022e1	9.884576041484456e-39	3.204844770123523e-40
6.469765830507673e1	9.906224234251645e-39	3.22235938867536e-40
6.480867288382323e1	9.927830643969912e-39	3.2398604158480844e-40
6.491968746256974e1	9.949395608034406e-39	3.257347917670106e-40
6.503070204131625e1	9.970919460757817e-39	3.2748219600606713e-40
6.514171662006275e1	9.992402533400568e-39	3.2922826088239116e-40
6.525273119880926e1	1.0013845154200017e-38	3.309729929642845e-40
6.536374577755576e1	1.003524764840006e-38	3.3271639880737806e-40
6.547476035630227e1	1.0056610338279747e-38	3.3445848495406747e-40
6.558577493504878e1	1.007793354318223e-38	3.3619925793298516e-40
6.569678951379528e1	1.0099217579543216e-38	3.379387242584822e-40
6.580780409254179e1	1.012046276091902e-38	3.396768904301234e-40
6.591881867128829e1	1.0141669398014838e-38	3.4141376293221378e-40
6.60298332500348e1	1.0162837798712171e-38	3.431493482333214e-40
6.61408478287813e1	1.0183968268096186e-38	3.4488365278582325e-40
6.625186240752781e1	1.0205061108483165e-38	3.46616683025477e-40
6.636287698627432e1	1.0226116619447085e-38	3.4834844537098744e-40
6.647389156502082e1	1.0247135097846407e-38	3.5007894622360302e-40
6.658490614376733e1	1.0268116837850598e-38	3.518081919667257e-40
6.669592072251383e1	1.0289062130966036e-38	3.535361889655225e-40
6.680693530126034e1	1.0309971266062411e-38	3.552629435665756e-40
6.691794988000684e1	1.0330844529397682e-38	3.5698846209750485e-40
6.702896445875335e1	1.0351682204643966e-38	3.5871275086664343e-40
6.713997903749986e1	1.037248457291259e-38	3.6043581616270525e-40
6.725099361624636e1	1.0393251912779113e-38	3.621576642544722e-40
6.736200819499287e1	1.0413984500307803e-38	3.638783013904826e-40
6.747302277373937e1	1.0434682609076196e-38	3.6559773379874212e-40
6.758403735248588e1	1.0455346510199256e-38	3.6731596768644055e-40
6.769505193123238e1	1.0475976472353349e-38	3.6903300923968125e-40
6.780606650997889e1	1.0496572761800094e-38	3.7074886462322514e-40
6.79170810887254e1	1.0517135642409928e-38	3.7246353998024284e-40
6.80280956674719e1	1.053766537568515e-38	3.741770414320678e-40
6.813911024621841e1	1.0558162220783286e-38	3.758893750779773e-40
6.825012482496491e1	1.0578626434539745e-38	3.776005469949669e-40
6.836113940371142e1	1.0599058271490377e-38	3.7931056323753874e-40
6.847215398245793e1	1.0619457983893809e-38	3.810194298374994e-40
6.858316856120443e1	1.0639825821753913e-38	3.827271528037776e-40
6.869418313995094e1	1.066016203284158e-38	3.844337381222359e-40
6.880519771869744e1	1.0680466862716264e-38	3.861391917554888e-40
6.891621229744395e1	1.0700740554747744e-38	3.878435196427457e-40
6.902722687619045e1	1.0720983350137298e-38	3.895467276996474e-40
6.913824145493696e1	1.0741195487938951e-38	3.912488218181216e-40
6.924925603368347e1	1.0761377205080174e-38	3.929498078662336e-40
6.936027061242997e1	1.0781528736382528e-38	3.946496916880499e-40
6.947128519117648e1	1.080165031458243e-38	3.96348479103521e-40
6.958229976992298e1	1.0821742170351234e-38	3.980461759083539e-40
6.969331434866949e1	1.0841804532315305e-38	3.997427878738983e-40
6.9804328927416e1	1.0861837627075968e-38	4.014383207470428e-40
6.99153435061625e1	1.0881841679229084e-38	4.031327802501104e-40
7.0026358084909e1	1.0901816911384404e-38	4.048261720807607e-40
7.013737266365551e1	1.0921763544185011e-38	4.065185019119075e-40
7.024838724240202e1	1.0941681796326406e-38	4.082097753916373e-40
7.035940182114852e1	1.0961571884575344e-38	4.09899998143131e-40
7.047041639989503e1	1.0981434023788575e-38	4.115891757645952e-40
7.058143097864154e1	1.1001268426931316e-38	4.132773138291955e-40
7.069244555738804e1	1.1021075305095623e-38	4.149644178849996e-40
7.080346013613455e1	1.1040854867518421e-38	4.16650493454918e-40
7.091447471488105e1	1.1060607321599474e-38	4.1833554603665635e-40
7.102548929362756e1	1.1080332872919468e-38	4.2001958110268275e-40
7.113650387237406e1	1.1100031725257285e-38	4.2170260410017574e-40
7.124751845112057e1	1.1119704080607638e-38	4.233846204509993e-40
7.135853302986708e1	1.1139350139198184e-38	4.250656355516673e-40
7.146954760861358e1	1.115897009950654e-38	4.267456547733157e-40
7.158056218736009e1	1.1178564158277202e-38	4.284246834616842e-40
7.169157676610659e1	1.119813251053849e-38	4.301027269371054e-40
7.18025913448531e1	1.1217675349618945e-38	4.317797904944875e-40
7.19136059235996e1	1.1237192867163681e-38	4.334558794033047e-40
7.202462050234611e1	1.1256685253150716e-38	4.351309989075958e-40
7.213563508109262e1	1.1276152695907006e-38	4.368051542259625e-40
7.224664965983912e1	1.1295595382124329e-38	4.384783505515714e-40
7.235766423858563e1	1.1315013496874862e-38	4.401505930521551e-40
7.246867881733213e1	1.1334407223627048e-38	4.418218868700322e-40
7.257969339607864e1	1.1353776744260764e-38	4.434922371221112e-40
7.269070797482514e1	1.1373122239082845e-38	4.4516164889991775e-40
7.280172255357165e1	1.139244388684201e-38	4.46830127269606e-40
7.291273713231816e1	1.1411741864744013e-38	4.484976772719899e-40
7.302375171106466e1	1.1431016348466143e-38	4.501643039225572e-40
7.313476628981117e1	1.1450267512172101e-38	4.518300122115061e-40
7.324578086855767e1	1.1469495528526424e-38	4.534948071037745e-40
7.335679544730418e1	1.148870056870889e-38	4.551586935390756e-40
7.346781002605069e1	1.1507882802428616e-38	4.5682167643193015e-40
7.357882460479719e1	1.1527042397938141e-38	4.584837606717071e-40
7.36898391835437e1	1.1546179522047582e-38	4.601449511226744e-40
7.38008537622902e1	1.1565294340138315e-38	4.618052526240393e-40
7.391186834103671e1	1.1584387016176319e-38	4.6346466998998345e-40
7.402288291978321e1	1.1603457712725852e-38	4.6512320800971866e-40
7.413389749852972e1	1.162250659096302e-38	4.66780871447546e-40
7.424491207727623e1	1.164153381068901e-38	4.684376650429091e-40
7.435592665602273e1	1.1660539530342896e-38	4.700935935104387e-40
7.446694123476924e1	1.1679523907014765e-38	4.7174866154001545e-40
7.457795581351574e1	1.1698487096458592e-38	4.734028737968318e-40
7.468897039226225e1	1.1717429253104956e-38	4.750562349214533e-40
7.479998497100875e1	1.1736350530073281e-38	4.767087495298687e-40
7.491099954975526e1	1.1755251079184572e-38	4.783604222135656e-40
7.502201412850177e1	1.177413105097366e-38	4.800112575395951e-40
7.513302870724827e1	1.1792990594701646e-38	4.8166126005064875e-40
7.524404328599478e1	1.181182985836746e-38	4.8331043426510894e-40
7.535505786474128e1	1.183064898872028e-38	4.849587846771378e-40
7.546607244348779e1	1.1849448131271108e-38	4.8660631575674e-40
7.55770870222343e1	1.1868227430304625e-38	4.8825303194984405e-40
7.56881016009808e1	1.1886987028890688e-38	4.898989376783729e-40
7.57991161797273e1	1.1905727068895647e-38	4.915440373403143e-40
7.591013075847381e1	1.1924447690993814e-38	4.931883353098043e-40
7.602114533722032e1	1.1943149034678874e-38	4.948318359372131e-40
7.613215991596682e1	1.196183123827468e-38	4.964745435492119e-40
7.624317449471333e1	1.198049443894641e-38	4.981164624488608e-40
7.635418907345984e1	1.1999138772711573e-38	4.997575969156957e-40
7.646520365220634e1	1.201776437445062e-38	5.013979512058041e-40
7.657621823095285e1	1.2036371377917772e-38	5.030375295519163e-40
7.668723280969935e1	1.2054959915751719e-38	5.0467633616349595e-40
7.679824738844586e1	1.2073530119485623e-38	5.063143752268082e-40
7.690926196719236e1	1.2092082119557587e-38	5.07951650905011e-40
7.702027654593887e1	1.2110616045321403e-38	5.095881673382642e-40
7.713129112468538e1	1.2129132025056015e-38	5.112239286437898e-40
7.724230570343188e1	1.2147630185975956e-38	5.128589389159782e-40
7.735332028217839e1	1.2166110654241239e-38	5.144932022264761e-40
7.74643348609249e1	1.218457355496715e-38	5.161267226242762e-40
7.75753494396714e1	1.2203019012234161e-38	5.17759504135816e-40
7.76863640184179e1	1.2221447149097374e-38	5.1939155076506105e-40
7.779737859716441e1	1.223985808759593e-38	5.210228664935936e-40
7.790839317591092e1	1.225825194876281e-38	5.226534552807205e-40
7.801940775465742e1	1.2276628852633753e-38	5.242833210635477e-40
7.813042233340393e1	1.2294988918257058e-38	5.259124677570996e-40
7.824143691215043e1	1.2313332263702475e-38	5.2754089925440156e-40
7.835245149089694e1	1.2331659006070335e-38	5.291686194265779e-40
7.846346606964345e1	1.2349969261500195e-38	5.307956321229342e-40
7.857448064838995e1	1.2368263145179872e-38	5.324219411710589e-40
7.868549522713646e1	1.2386540771354597e-38	5.340475503769361e-40
7.879650980588296e1	1.2404802253335354e-38	5.3567246352502586e-40
7.890752438462947e1	1.2423047703507912e-38	5.372966843783794e-40
7.901853896337597e1	1.2441277233340965e-38	5.389202166787201e-40
7.912955354212248e1	1.2459490953394768e-38	5.405430641465486e-40
7.924056812086899e1	1.2477688973329246e-38	5.421652304812315e-40
7.935158269961549e1	1.2495871401912752e-38	5.43786719361119e-40
7.9462597278362e1	1.2514038347029714e-38	5.454075344436199e-40
7.95736118571085e1	1.253218991568905e-38	5.470276793653141e-40
7.968462643585501e1	1.2550326214032399e-38	5.486471577420599e-40
7.979564101460151e1	1.2568447347341788e-38	5.5026597316908045e-40
7.990665559334802e1	1.2586553420047374e-38	5.5188412922105775e-40
8.001767017209453e1	1.2604644535735632e-38	5.535016294522491e-40
8.012868475084103e1	1.262272079715689e-38	5.551184773965786e-40
8.023969932958754e1	1.2640782306232836e-38	5.5673467656773166e-40
8.035071390833404e1	1.265882916406418e-38	5.583502304592577e-40
8.046172848708055e1	1.2676861470938244e-38	5.599651425446761e-40
8.057274306582705e1	1.2694879326336434e-38	5.615794162775773e-40
8.068375764457356e1	1.271288282894118e-38	5.6319305509170554e-40
8.079477222332007e1	1.273087207664373e-38	5.648060624010824e-40
8.090578680206657e1	1.2748847166550918e-38	5.664184416000868e-40
8.101680138081308e1	1.2766808194992314e-38	5.6803019606355746e-40
8.112781595955958e1	1.2784755257527559e-38	5.69641329146904e-40
8.123883053830609e1	1.2802688448953167e-38	5.712518441862e-40
8.13498451170526e1	1.2820607863309628e-38	5.728617444982898e-40
8.14608596957991e1	1.2838513593887754e-38	5.744710333808667e-40
8.15718742745456e1	1.285640573323601e-38	5.7607971411259776e-40
8.168288885329211e1	1.287428437316691e-38	5.776877899532085e-40
8.179390343203862e1	1.2892149604763785e-38	5.792952641435886e-40
8.190491801078512e1	1.2910001518387217e-38	5.809021399058837e-40
8.201593258953163e1	1.2927840203681895e-38	5.82508420443611e-40
8.212694716827814e1	1.2945665749582676e-38	5.841141089417409e-40
8.223796174702464e1	1.2963478244320972e-38	5.857192085667946e-40
8.234897632577115e1	1.2981277775431195e-38	5.873237224669506e-40
8.245999090451765e1	1.2999064429757087e-38	5.889276537721445e-40
8.257100548326416e1	1.3016838293457977e-38	5.905310055941708e-40
8.268202006201066e1	1.3034599452014532e-38	5.921337810267639e-40
8.279303464075717e1	1.3052347990235243e-38	5.937359831457142e-40
8.290404921950368e1	1.3070083992261986e-38	5.953376150089453e-40
8.301506379825018e1	1.308780754157651e-38	5.969386796566359e-40
8.312607837699669e1	1.3105518721005975e-38	5.985391801113002e-40
8.32370929557432e1	1.3123217612728977e-38	6.001391193778945e-40
8.33481075344897e1	1.3140904298281185e-38	6.017385004439055e-40
8.34591221132362e1	1.315857885856093e-38	6.0333732627944275e-40
8.357013669198271e1	1.3176241373835314e-38	6.049355998373536e-40
8.368115127072922e1	1.319389192374565e-38	6.065333240533119e-40
8.379216584947572e1	1.3211530587312505e-38	6.081305018458901e-40
8.390318042822223e1	1.322915744294193e-38	6.0972713611668745e-40
8.401419500696873e1	1.3246772568430697e-38	6.113232297504161e-40
8.412520958571524e1	1.3264376040971301e-38	6.12918785614978e-40
8.423622416446175e1	1.3281967937157518e-38	6.145138065615684e-40
8.434723874320825e1	1.3299548332990047e-38	6.161082954247873e-40
8.445825332195476e1	1.331711730388133e-38	6.1770225502271315e-40
8.456926790070126e1	1.333467492466095e-38	6.1929568815700624e-40
8.468028247944777e1	1.3352221269580676e-38	6.208885976129993e-40
8.479129705819427e1	1.3369756412319452e-38	6.224809861597841e-40
8.490231163694078e1	1.3387280425988457e-38	6.2407285655030594e-40
8.501332621568729e1	1.3404793383136287e-38	6.25664211521465e-40
8.512434079443379e1	1.3422295355754017e-38	6.272550537942131e-40
8.52353553731803e1	1.3439786415279425e-38	6.288453860736161e-40
8.53463699519268e1	1.3457266632602516e-38	6.304352110489748e-40
8.545738453067331e1	1.3474736078069972e-38	6.32024531393901e-40
8.556839910941981e1	1.3492194821489923e-38	6.336133497664086e-40
8.567941368816632e1	1.3509642932136968e-38	6.352016688090195e-40
8.579042826691283e1	1.3527080478756298e-38	6.367894911488263e-40
8.590144284565933e1	1.354450752956868e-38	6.383768193976016e-40
8.601245742440584e1	1.3561924152274926e-38	6.3996365615188045e-40
8.612347200315234e1	1.357933041406047e-38	6.4155000399305306e-40
8.623448658189885e1	1.3596726381599723e-38	6.431358654874463e-40
8.634550116064536e1	1.3614112121060886e-38	6.4472124318643e-40
8.645651573939186e1	1.363148769810958e-38	6.4630613962646816e-40
8.656753031813837e1	1.3648853177913772e-38	6.478905573292334e-40
8.667854489688487e1	1.3666208625148068e-38	6.494744988016929e-40
8.678955947563138e1	1.3683554103997924e-38	6.510579665361922e-40
8.690057405437788e1	1.370088967816385e-38	6.526409630105406e-40
8.701158863312439e1	1.3718215410865617e-38	6.54223490688097e-40
8.71226032118709e1	1.3735531364846222e-38	6.558055520178474e-40
8.72336177906174e1	1.3752837602376064e-38	6.573871494344926e-40
8.734463236936391e1	1.3770134185257264e-38	6.589682853585453e-40
8.745564694811041e1	1.3787421174827493e-38	6.605489621964038e-40
8.756666152685692e1	1.3804698631963845e-38	6.6212918234043105e-40
8.767767610560342e1	1.3821966617087082e-38	6.637089481690514e-40
8.778869068434993e1	1.383922519016548e-38	6.652882620468311e-40
8.789970526309644e1	1.3856474410718338e-38	6.668671263245419e-40
8.801071984184294e1	1.387371433782024e-38	6.684455433392648e-40
8.812173442058945e1	1.3890945030104676e-38	6.700235154144626e-40
8.823274899933595e1	1.3908166545767788e-38	6.7160104486006025e-40
8.834376357808246e1	1.3925378942572326e-38	6.731781339725364e-40
8.845477815682897e1	1.3942582277851012e-38	6.747547850349886e-40
8.856579273557547e1	1.3959776608510467e-38	6.763310003172255e-40
8.867680731432198e1	1.3976961991034595e-38	6.779067820758357e-40
8.878782189306848e1	1.3994138481488555e-38	6.794821325542856e-40
8.889883647181499e1	1.4011306135521936e-38	6.810570539829788e-40
8.90098510505615e1	1.4028465008372407e-38	6.826315485793422e-40
8.9120865629308e1	1.4045615154869163e-38	6.842056185479006e-40
8.92318802080545e1	1.4062756629436674e-38	6.857792660803696e-40
8.934289478680101e1	1.4079889486097827e-38	6.8735249335572015e-40
8.945390936554752e1	1.4097013778477268e-38	6.889253025402499e-40
8.956492394429402e1	1.4114129559804796e-38	6.904976957876646e-40
8.967593852304053e1	1.4131236882918771e-38	6.920696752391567e-40
8.978695310178703e1	1.4148335800269496e-38	6.93641243023485e-40
8.989796768053354e1	1.4165426363922403e-38	6.9521240125704735e-40
9.000898225928005e1	1.4182508625561257e-38	6.967831520439528e-40
9.011999683802655e1	1.419958263649152e-38	6.983534974761042e-40
9.023101141677306e1	1.421664844764296e-38	6.99923439633245e-40
9.034202599551956e1	1.4233706109573438e-38	7.014929805830638e-40
9.045304057426607e1	1.4250755672471737e-38	7.030621223812544e-40
9.056405515301257e1	1.4267797186161033e-38	7.046308670716072e-40
9.067506973175908e1	1.4284830700101454e-38	7.061992166860571e-40
9.078608431050559e1	1.4301856263393217e-38	7.0776717324476115e-40
9.089709888925209e1	1.4318873924779745e-38	7.0933473875617565e-40
9.10081134679986e1	1.4335883732650575e-38	7.109019152171256e-40
9.11191280467451e1	1.435288573504441e-38	7.12468704612879e-40
9.123014262549161e1	1.436987997965201e-38	7.140351089172171e-40
9.134115720423812e1	1.4386866513818918e-38	7.156011300924968e-40
9.145217178298462e1	1.4403845384548613e-38	7.17166770089734e-40
9.156318636173113e1	1.442081663850495e-38	7.187320308486538e-40
9.167420094047763e1	1.443778032201524e-38	7.202969142977724e-40
9.178521551922414e1	1.4454736481073116e-38	7.2186142235447e-40
9.189623009797064e1	1.4471685161340858e-38	7.234255569250374e-40
9.200724467671715e1	1.4488626408152694e-38	7.249893199047721e-40
9.211825925546366e1	1.4505560266517375e-38	7.265527131780384e-40
9.222927383421016e1	1.452248678112052e-38	7.2811573861831945e-40
9.234028841295667e1	1.4539405996327675e-38	7.296783980883015e-40
9.245130299170317e1	1.4556317956186333e-38	7.312406934399115e-40
9.256231757044968e1	1.4573222704429433e-38	7.328026265144261e-40
9.267333214919618e1	1.4590120284477258e-38	7.343641991425032e-40
9.278434672794269e1	1.4607010739440364e-38	7.359254131442657e-40
9.28953613066892e1	1.462389411212173e-38	7.374862703293472e-40
9.30063758854357e1	1.464077044501977e-38	7.390467724969793e-40
9.311739046418221e1	1.4657639780330666e-38	7.406069214360506e-40
9.322840504292871e1	1.4674502159950505e-38	7.421667189251512e-40
9.333941962167522e1	1.4691357625477945e-38	7.437261667326479e-40
9.345043420042172e1	1.4708206218216927e-38	7.45285266616762e-40
9.356144877916823e1	1.4725047979178582e-38	7.468440203256054e-40
9.367246335791474e1	1.4741882949083892e-38	7.484024295972595e-40
9.378347793666124e1	1.4758711168366222e-38	7.499604961598424e-40
9.389449251540775e1	1.477553267717339e-38	7.515182217315597e-40
9.400550709415425e1	1.479234751536977e-38	7.53075608020753e-40
9.411652167290076e1	1.4809155722539001e-38	7.546326567259822e-40
9.422753625164727e1	1.4825957337986114e-38	7.561893695360786e-40
9.433855083039377e1	1.4842752400740034e-38	7.577457481302175e-40
9.444956540914028e1	1.48595409495552e-38	7.593017941779456e-40
9.456057998788678e1	1.4876323022914433e-38	7.608575093392746e-40
9.467159456663329e1	1.4893098659030694e-38	7.62412895264718e-40
9.47826091453798e1	1.4909867895849216e-38	7.639679535953468e-40
9.48936237241263e1	1.4926630771050114e-38	7.655226859628722e-40
9.50046383028728e1	1.494338732205021e-38	7.670770939896861e-40
9.511565288161931e1	1.49601375860053e-38	7.686311792889275e-40
9.522666746036582e1	1.4976881599811866e-38	7.701849434645204e-40
9.533768203911232e1	1.499361940010946e-38	7.717383881112438e-40
9.544869661785883e1	1.5010351023282762e-38	7.732915148147914e-40
9.555971119660533e1	1.502707650546367e-38	7.748443251518286e-40
9.567072577535184e1	1.5043795882533236e-38	7.763968206900438e-40
9.578174035409835e1	1.506050919012367e-38	7.779490029882042e-40
9.589275493284485e1	1.507721646362012e-38	7.795008735962007e-40
9.600376951159136e1	1.5093917738163068e-38	7.810524340551237e-40
9.611478409033786e1	1.511061304865001e-38	7.826036858973043e-40
9.622579866908437e1	1.512730242973749e-38	7.841546306463734e-40
9.633681324783088e1	1.5143985915842772e-38	7.857052698173039e-40
9.644782782657738e1	1.5160663541146033e-38	7.872556049164772e-40
9.655884240532389e1	1.5177335339592356e-38	7.888056374417439e-40
9.666985698407039e1	1.5194001344893323e-38	7.903553688824619e-40
9.67808715628169e1	1.5210661590528683e-38	7.919048007195391e-40
9.68918861415634e1	1.522731610974843e-38	7.93453934425499e-40
9.700290072030991e1	1.5243964935574607e-38	7.950027714645313e-40
9.711391529905642e1	1.5260608100803142e-38	7.965513132925458e-40
9.722492987780292e1	1.5277245638005664e-38	7.980995613572247e-40
9.733594445654943e1	1.5293877579530995e-38	7.996475170980595e-40
9.744695903529593e1	1.5310503957507375e-38	8.01195181946426e-40
9.755797361404244e1	1.5327124803843914e-38	8.027425573256193e-40
9.766898819278894e1	1.5343740150232052e-38	8.042896446508908e-40
9.778000277153545e1	1.5360350028147619e-38	8.058364453295157e-40
9.789101735028196e1	1.537695446885276e-38	8.07382960760855e-40
9.800203192902846e1	1.5393553503397047e-38	8.089291923363744e-40
9.811304650777497e1	1.54101471626194e-38	8.104751414397063e-40
9.822406108652147e1	1.5426735477149968e-38	8.120208094467118e-40
9.833507566526798e1	1.5443318477411263e-38	8.13566197725501e-40
9.844609024401448e1	1.545989619362013e-38	8.151113076364998e-40
9.855710482276099e1	1.5476468655788875e-38	8.166561405324735e-40
9.86681194015075e1	1.5493035893727712e-38	8.182006977586167e-40
9.8779133980254e1	1.5509597937045674e-38	8.197449806525668e-40
9.889014855900051e1	1.5526154815152294e-38	8.212889905444567e-40
9.900116313774701e1	1.5542706557259326e-38	8.2283272875697e-40
9.911217771649352e1	1.555925319238212e-38	8.243761966053778e-40
9.922319229524003e1	1.5575794749341321e-38	8.259193953975948e-40
9.933420687398653e1	1.559233125676404e-38	8.274623264342064e-40
9.944522145273304e1	1.560886274308579e-38	8.290049910085365e-40
9.955623603147954e1	1.562538923655163e-38	8.305473904066758e-40
9.966725061022605e1	1.5641910765217598e-38	8.320895259075233e-40
9.977826518897255e1	1.5658427356952354e-38	8.33631398782841e-40
9.988927976771906e1	1.5674939039438565e-38	8.351730102972942e-40
1.0000029434646557e2	1.5691445840174517e-38	8.367143617085048e-40